label,position,mem_mean,cp_mean,diff_mean,mem_std,cp_std,diff_std
L0H0,0,-0.024565281346440315,-0.010582818649709225,-0.013982460834085941,0.03007103130221367,0.03581753745675087,0.04079096019268036
L0H0,1,-0.007295016199350357,-0.001420345390215516,-0.005874671041965485,0.030869504436850548,0.03512122482061386,0.03859611228108406
L0H0,2,-0.004388432018458843,-0.00021688196284230798,-0.004171550273895264,0.040904734283685684,0.041679468005895615,0.044950563460588455
L0H0,3,0.0010191297624260187,0.002209636615589261,-0.0011905065039172769,0.029385525733232498,0.03121090680360794,0.03291184455156326
L0H0,4,0.006228588987141848,0.0062423814088106155,-1.379228342557326e-05,0.02486063726246357,0.02820153720676899,0.02944399230182171
L0H0,5,0.007406034506857395,0.00726054422557354,0.00014549048501066864,0.020703349262475967,0.024659663438796997,0.025915345177054405
L0H0,6,-0.00426543690264225,0.0070372880436480045,-0.011302724480628967,0.02548528090119362,0.027989910915493965,0.033695198595523834
L0H0,7,0.0057444521225988865,0.012244551442563534,-0.006500097922980785,0.022943638265132904,0.02862231805920601,0.03159637004137039
L0H0,8,0.0006173867732286453,0.0006634015589952469,-4.6014822146389633e-05,0.004723229445517063,0.005279839504510164,0.005131246987730265
L0H0,9,-0.0007767761126160622,0.008387872017920017,-0.009164649061858654,0.02443283423781395,0.028256719931960106,0.031147964298725128
L0H0,10,0.002393323229625821,0.006375569384545088,-0.003982245922088623,0.023224029690027237,0.024734407663345337,0.02648126147687435
L0H0,11,0.0030008081812411547,0.0058142137713730335,-0.002813405590131879,0.02101495862007141,0.022105691954493523,0.023635780438780785
L0H0,12,0.008409565314650536,0.008069156669080257,0.0003404061426408589,0.026096215471625328,0.028551403433084488,0.03008936159312725
L0H0,13,0.010553877800703049,0.011168533004820347,-0.0006146553787402809,0.023663293570280075,0.02859424613416195,0.030090978369116783
L0H1,0,-0.10280630737543106,-0.0925561860203743,-0.010250107385218143,0.05246349051594734,0.051117975264787674,0.03707567974925041
L0H1,1,-0.02472984790802002,-0.05027418211102486,0.025544336065649986,0.10471111536026001,0.10484195500612259,0.0891425833106041
L0H1,2,-0.009876887314021587,-0.024638706818223,0.014761817641556263,0.09499167650938034,0.11932606995105743,0.08907213807106018
L0H1,3,-0.0013016046723350883,-0.006200320087373257,0.004898713435977697,0.07298985123634338,0.08434813469648361,0.07581168413162231
L0H1,4,-0.009744340553879738,-0.01702839881181717,0.007284058723598719,0.0488070547580719,0.04839036986231804,0.04839542880654335
L0H1,5,0.07383295893669128,0.030238494277000427,0.04359446465969086,0.05441337823867798,0.053790125995874405,0.06601859629154205
L0H1,6,0.024596460163593292,0.08046356588602066,-0.05586710944771767,0.06240012124180794,0.07431957870721817,0.07166626304388046
L0H1,7,0.13114634156227112,0.09878451377153397,0.03236183151602745,0.0756000503897667,0.06484843045473099,0.0592457614839077
L0H1,8,0.0012322698021307588,0.0014312226558104157,-0.00019895275181625038,0.00977865420281887,0.010194231756031513,0.008696022443473339
L0H1,9,-0.02587766945362091,-0.04251536726951599,0.01663769967854023,0.08632483333349228,0.08640426397323608,0.07083170115947723
L0H1,10,-0.0050410060212016106,-0.012189854867756367,0.007148849777877331,0.06256696581840515,0.0712747648358345,0.05312645807862282
L0H1,11,-0.00026180141139775515,-0.0039057910908013582,0.003643989097326994,0.050979796797037125,0.0629313513636589,0.05502400919795036
L0H1,12,-0.006359625607728958,-0.02074575237929821,0.014386126771569252,0.05941920354962349,0.05317562073469162,0.048276759684085846
L0H1,13,0.07789935916662216,0.03391346335411072,0.04398589953780174,0.05673392862081528,0.056280504912137985,0.06815221905708313
L0H2,0,-0.008775566704571247,-0.010318716987967491,0.0015431514475494623,0.029378054663538933,0.0419183075428009,0.036378491669893265
L0H2,1,-0.011387009173631668,-0.011055869981646538,-0.00033114044344983995,0.038711439818143845,0.046651989221572876,0.04597859084606171
L0H2,2,-0.01108567789196968,-0.014062123373150826,0.0029764482751488686,0.038374241441488266,0.05058363452553749,0.05098161846399307
L0H2,3,-0.0017684285994619131,-0.007624651305377483,0.005856222007423639,0.028952496126294136,0.03757002204656601,0.03972954675555229
L0H2,4,-0.013958321884274483,-0.007926073856651783,-0.006032248958945274,0.030134862288832664,0.030635325238108635,0.03082064911723137
L0H2,5,-0.016131635755300522,-0.0038424546364694834,-0.012289179489016533,0.022040655836462975,0.025282002985477448,0.02703970856964588
L0H2,6,-0.0016159084625542164,0.025794396176934242,-0.027410298585891724,0.03959294781088829,0.03879764303565025,0.042679451406002045
L0H2,7,-0.019366253167390823,-0.0046007754281163216,-0.014765478670597076,0.0243352260440588,0.029239093884825706,0.029248764738440514
L0H2,8,0.00042215315625071526,0.00034439677256159484,7.775638368912041e-05,0.005035881884396076,0.0054139937274158,0.005992268677800894
L0H2,9,0.008914095349609852,0.008696085773408413,0.00021801042021252215,0.03745036944746971,0.04741340130567551,0.048648402094841
L0H2,10,0.00180574762634933,0.0030037907417863607,-0.00119804369751364,0.029879558831453323,0.03855859488248825,0.040034595876932144
L0H2,11,0.005392872728407383,0.004812874831259251,0.000579998770263046,0.026103630661964417,0.03207343816757202,0.03468076512217522
L0H2,12,-0.007555742282420397,0.0008089698385447264,-0.008364712819457054,0.03458872064948082,0.03397136926651001,0.029320428147912025
L0H2,13,-0.011478708125650883,0.002524994546547532,-0.014003702439367771,0.02556648664176464,0.028484048321843147,0.02831803448498249
L0H3,0,-0.0006456366390921175,-0.019159670919179916,0.018514035269618034,0.03648724779486656,0.044082388281822205,0.04868379235267639
L0H3,1,0.03214716538786888,-0.0024797723162919283,0.03462693467736244,0.0648186132311821,0.07090825587511063,0.08220597356557846
L0H3,2,0.00443358113989234,-0.034751858562231064,0.03918543457984924,0.0641799047589302,0.09023287147283554,0.08370230346918106
L0H3,3,0.0009450232028029859,-0.028233932331204414,0.029178950935602188,0.05438705161213875,0.0724513828754425,0.05663193017244339
L0H3,4,0.024174267426133156,0.01041789073497057,0.013756375759840012,0.03453054651618004,0.05099016800522804,0.05060971900820732
L0H3,5,0.019701162353157997,0.0062347776256501675,0.013466384261846542,0.027496952563524246,0.040374625474214554,0.04525923728942871
L0H3,6,0.03673793375492096,0.08271553367376328,-0.04597759619355202,0.057524360716342926,0.06217029318213463,0.061858780682086945
L0H3,7,0.020792435854673386,0.015157084912061691,0.005635353270918131,0.025106821209192276,0.033721018582582474,0.04164678230881691
L0H3,8,0.0019131394801661372,0.0008532247156836092,0.0010599148226901889,0.011129721999168396,0.00870592426508665,0.009699451737105846
L0H3,9,0.01454530842602253,-0.005923184100538492,0.020468490198254585,0.05045777186751366,0.05992183834314346,0.0647183284163475
L0H3,10,-0.004365555010735989,-0.022396085783839226,0.01803053356707096,0.041330721229314804,0.05403954163193703,0.050432607531547546
L0H3,11,-0.004433626774698496,-0.02534344233572483,0.020909816026687622,0.04355611279606819,0.05557190626859665,0.04227231442928314
L0H3,12,0.009560580365359783,0.0030613597482442856,0.006499219220131636,0.03137214854359627,0.04995763301849365,0.04541764408349991
L0H3,13,0.015017610974609852,0.0024633791763335466,0.012554231099784374,0.02740398794412613,0.04356781393289566,0.04924523085355759
L0H4,0,0.02979731373488903,0.015641113743185997,0.014156199991703033,0.033585380762815475,0.04258060082793236,0.04479576647281647
L0H4,1,0.037686705589294434,-0.010242221876978874,0.04792892187833786,0.0857192873954773,0.07597826421260834,0.0997009128332138
L0H4,2,-0.0023703433107584715,-0.03301594778895378,0.03064560517668724,0.07844620943069458,0.07869484275579453,0.07849419116973877
L0H4,3,0.01844351552426815,-0.018955156207084656,0.037398673593997955,0.046446915715932846,0.05795345827937126,0.06491035223007202
L0H4,4,0.021054251119494438,0.007002615369856358,0.01405163574963808,0.026276545599102974,0.032390110194683075,0.03418819606304169
L0H4,5,0.018150273710489273,0.011317589320242405,0.006832683924585581,0.020613225176930428,0.026783324778079987,0.029714157804846764
L0H4,6,0.028537362813949585,0.17090530693531036,-0.14236794412136078,0.07962530851364136,0.08278162777423859,0.08757447451353073
L0H4,7,0.013665744103491306,0.014755592681467533,-0.0010898489272221923,0.022918639704585075,0.03220188990235329,0.03512602299451828
L0H4,8,0.000992629793472588,0.0004939939244650304,0.0004986358107998967,0.008095168508589268,0.007490495219826698,0.008844262920320034
L0H4,9,0.026027560234069824,-0.005702812224626541,0.03173036873340607,0.06875418871641159,0.0634317621588707,0.08330027759075165
L0H4,10,0.002639048034325242,-0.014158949255943298,0.016797997057437897,0.05145058035850525,0.04935218393802643,0.049182210117578506
L0H4,11,0.014125482179224491,-0.013870609924197197,0.027996094897389412,0.03555198013782501,0.044805772602558136,0.05027608573436737
L0H4,12,0.016604816541075706,0.003184344619512558,0.013420470058918,0.02700217440724373,0.03158136457204819,0.03371162712574005
L0H4,13,0.017422577366232872,0.010234832763671875,0.00718774413689971,0.023023786023259163,0.028557127341628075,0.031127557158470154
L0H5,0,-0.08553790301084518,-0.07381829619407654,-0.011719604954123497,0.08293472230434418,0.0778893455862999,0.07214973866939545
L0H5,1,-0.041544344276189804,-0.060874540358781815,0.01933019421994686,0.09552472084760666,0.0966610237956047,0.09236612915992737
L0H5,2,-0.06289416551589966,-0.07618284970521927,0.013288690708577633,0.09469622373580933,0.09286211431026459,0.08874847739934921
L0H5,3,-0.033254895359277725,-0.05782860890030861,0.024573709815740585,0.07401985675096512,0.0705314427614212,0.07611830532550812
L0H5,4,-0.03137192875146866,-0.035770922899246216,0.004398994147777557,0.05366239324212074,0.046950455754995346,0.0525495745241642
L0H5,5,-0.007525180466473103,-0.010320394299924374,0.002795213833451271,0.03947765380144119,0.040567927062511444,0.05118553712964058
L0H5,6,-0.0040916213765740395,0.046535424888134,-0.05062704160809517,0.08437936753034592,0.07403726875782013,0.08037319034337997
L0H5,7,-0.011152220889925957,-0.010988415218889713,-0.00016380505985580385,0.03255203738808632,0.036366671323776245,0.044052254408597946
L0H5,8,-0.003833531169220805,-0.002081387210637331,-0.0017521438421681523,0.0175742469727993,0.012881903909146786,0.014659198001027107
L0H5,9,-0.030873343348503113,-0.04692560061812401,0.016052255406975746,0.0721818134188652,0.07927688211202621,0.07156550139188766
L0H5,10,-0.034601300954818726,-0.0434623584151268,0.00886105839163065,0.05278557911515236,0.05236547440290451,0.05323125422000885
L0H5,11,-0.023366577923297882,-0.042667463421821594,0.01930088736116886,0.0523352175951004,0.05199538543820381,0.054951366037130356
L0H5,12,-0.02568134292960167,-0.033714357763528824,0.00803301576524973,0.051906537264585495,0.04508492350578308,0.04947100952267647
L0H5,13,-0.003275991417467594,-0.00782862026244402,0.004552627447992563,0.03728321194648743,0.03999149054288864,0.05167538672685623
L0H6,0,0.01348594669252634,-0.010293026454746723,0.023778973147273064,0.06675247102975845,0.09988933801651001,0.11819389462471008
L0H6,1,0.010275675915181637,-0.030494099482893944,0.040769778192043304,0.07532691955566406,0.10308174788951874,0.12432781606912613
L0H6,2,0.028897223994135857,-0.04008595645427704,0.06898318976163864,0.10564839839935303,0.12778884172439575,0.1551758497953415
L0H6,3,0.03868037462234497,-0.01744309812784195,0.05612346902489662,0.08062177151441574,0.08930639177560806,0.11342942714691162
L0H6,4,0.041808463633060455,-0.007025023922324181,0.04883348569273949,0.06652607023715973,0.08042366057634354,0.0994260236620903
L0H6,5,0.036353010684251785,-0.00043720033136196434,0.03679020702838898,0.060613762587308884,0.0780269056558609,0.09197854995727539
L0H6,6,0.033583205193281174,0.01689179614186287,0.016691405326128006,0.07032289355993271,0.09662606567144394,0.10803068429231644
L0H6,7,0.06009545922279358,0.050889384001493454,0.009206068702042103,0.06256409734487534,0.07889162749052048,0.10150175541639328
L0H6,8,0.0028398565482348204,0.002826255513355136,1.3600683814729564e-05,0.018448133021593094,0.021894844248890877,0.022992808371782303
L0H6,9,0.03630569577217102,0.01174341980367899,0.024562282487750053,0.06789375096559525,0.09049773216247559,0.10684811323881149
L0H6,10,0.0419841893017292,0.00501544214785099,0.03696874901652336,0.06729460507631302,0.07654455304145813,0.09524316340684891
L0H6,11,0.03938687965273857,0.003909690771251917,0.03547719120979309,0.06401510536670685,0.06677807122468948,0.08493410050868988
L0H6,12,0.05689643323421478,0.02797958441078663,0.028916848823428154,0.06728341430425644,0.07487538456916809,0.09471096098423004
L0H6,13,0.051851462572813034,0.02344205603003502,0.028409404680132866,0.06514399498701096,0.0837758332490921,0.09980016946792603
L0H7,0,0.03795483335852623,0.031353797763586044,0.006601042579859495,0.026322364807128906,0.035575203597545624,0.040573835372924805
L0H7,1,0.02538684383034706,0.0249203871935606,0.0004664594598580152,0.03236199915409088,0.043759215623140335,0.04827342554926872
L0H7,2,0.05582081153988838,0.04235042259097099,0.013470396399497986,0.089854896068573,0.0733725056052208,0.07243599742650986
L0H7,3,0.04064043238759041,0.03711744025349617,0.0035229932982474566,0.050436705350875854,0.05234017223119736,0.05237552151083946
L0H7,4,0.024985384196043015,0.02099786326289177,0.003987524192780256,0.03766249120235443,0.04463052749633789,0.04230634495615959
L0H7,5,0.028410950675606728,0.022210022434592247,0.006200927309691906,0.04107943922281265,0.04501022771000862,0.042352933436632156
L0H7,6,0.04480741173028946,0.049593258649110794,-0.004785842262208462,0.04758814722299576,0.05431434139609337,0.051699064671993256
L0H7,7,0.02370702661573887,0.03157772868871689,-0.007870699279010296,0.024888580664992332,0.033954720944166183,0.038837406784296036
L0H7,8,0.001819329452700913,0.002487167716026306,-0.0006678383215330541,0.0107415234670043,0.011682278476655483,0.010397867299616337
L0H7,9,0.024526670575141907,0.027728691697120667,-0.003202020423486829,0.029182812198996544,0.041793134063482285,0.043752651661634445
L0H7,10,0.03707543760538101,0.029560748487710953,0.00751469423994422,0.051267921924591064,0.04553510248661041,0.04428752884268761
L0H7,11,0.03264917433261871,0.031481776386499405,0.0011673993431031704,0.04029744863510132,0.0422988198697567,0.039725594222545624
L0H7,12,0.023855695500969887,0.023964302614331245,-0.00010860451584449038,0.03172310069203377,0.041236698627471924,0.03889208287000656
L0H7,13,0.02941739186644554,0.02466476708650589,0.0047526247799396515,0.04258039966225624,0.04646510258316994,0.04179937392473221
L0H8,0,-0.03090205229818821,0.03639565780758858,-0.06729770451784134,0.08049998432397842,0.09995041787624359,0.13526763021945953
L0H8,1,0.008555203676223755,0.07674034684896469,-0.06818515062332153,0.08508188277482986,0.11301948130130768,0.1366628110408783
L0H8,2,-0.00434068450704217,0.08553631603717804,-0.08987699449062347,0.10298682749271393,0.13000719249248505,0.16269472241401672
L0H8,3,-0.011264982633292675,0.04233860597014427,-0.05360358580946922,0.07054261118173599,0.08875836431980133,0.1109859049320221
L0H8,4,0.041221413761377335,0.07241582870483398,-0.031194418668746948,0.06135440990328789,0.0870189368724823,0.08746694028377533
L0H8,5,0.06474930793046951,0.08833113312721252,-0.02358182519674301,0.07747103273868561,0.0940534919500351,0.0812922865152359
L0H8,6,0.019380083307623863,0.06905556470155716,-0.04967547953128815,0.07044368237257004,0.08625144511461258,0.11152036488056183
L0H8,7,0.08089236915111542,0.10508231073617935,-0.024189941585063934,0.08804704993963242,0.10993485897779465,0.08287742733955383
L0H8,8,0.00248465733602643,0.0039226762019097805,-0.0014380192151293159,0.014867502264678478,0.02077462524175644,0.019619295373558998
L0H8,9,0.019053522497415543,0.06630782037973404,-0.047254301607608795,0.06803734600543976,0.08982081711292267,0.10214047878980637
L0H8,10,0.014045393094420433,0.057490698993206024,-0.04344530031085014,0.060051240026950836,0.07748513668775558,0.08795084059238434
L0H8,11,0.004272745456546545,0.03892241790890694,-0.034649670124053955,0.0506882481276989,0.06311436742544174,0.07552433758974075
L0H8,12,0.05783931910991669,0.07818126678466797,-0.02034195512533188,0.07180299609899521,0.09144365042448044,0.07816591113805771
L0H8,13,0.07633411139249802,0.0996323898434639,-0.02329827845096588,0.08407866954803467,0.10155443102121353,0.08408167213201523
L0H9,0,0.030710794031620026,0.05155586078763008,-0.020845068618655205,0.08357202261686325,0.10430982708930969,0.10769575089216232
L0H9,1,-0.015080741606652737,0.010160844773054123,-0.025241583585739136,0.07628176361322403,0.09953779727220535,0.10920530557632446
L0H9,2,-0.008441795594990253,0.021680481731891632,-0.03012227825820446,0.08656397461891174,0.11526045203208923,0.12798266112804413
L0H9,3,-0.0013331996742635965,0.016246676445007324,-0.017579877749085426,0.060226310044527054,0.0804440900683403,0.08475437015295029
L0H9,4,-0.018943272531032562,0.007853643037378788,-0.026796914637088776,0.05624785274267197,0.06900525093078613,0.07910040020942688
L0H9,5,-0.03164318948984146,-0.004940979648381472,-0.026702210307121277,0.05171799287199974,0.0665772333741188,0.07855118811130524
L0H9,6,-0.023243725299835205,0.00632703909650445,-0.029570763930678368,0.06485015153884888,0.08080807328224182,0.09611139446496964
L0H9,7,-0.037363290786743164,-0.010111227631568909,-0.027252063155174255,0.05128352344036102,0.06343218684196472,0.07678944617509842
L0H9,8,-0.00156281772069633,-0.0004614531935658306,-0.0011013648472726345,0.008242827840149403,0.016734467819333076,0.017288442701101303
L0H9,9,-0.04447222128510475,-0.014789330773055553,-0.029682889580726624,0.06528784334659576,0.07665157318115234,0.09105430543422699
L0H9,10,-0.03122313693165779,-0.006419306620955467,-0.024803832173347473,0.05672909691929817,0.06640993803739548,0.07745303958654404
L0H9,11,-0.0208140816539526,-0.0005630642408505082,-0.020251017063856125,0.04670551046729088,0.058554355055093765,0.06540002673864365
L0H9,12,-0.03327730670571327,-0.004625363275408745,-0.028651945292949677,0.05390581861138344,0.06337770819664001,0.07454343885183334
L0H9,13,-0.04678940400481224,-0.011994484812021255,-0.034794919192790985,0.05581588298082352,0.07071332633495331,0.08660606294870377
L0H10,0,0.1400914490222931,0.08821883052587509,0.051872607320547104,0.0849187895655632,0.07382278889417648,0.10342873632907867
L0H10,1,0.10865788161754608,0.030222196131944656,0.07843569666147232,0.10054367780685425,0.07734275609254837,0.11317315697669983
L0H10,2,0.14484888315200806,0.06481767445802689,0.08003121614456177,0.13313010334968567,0.11243085563182831,0.14489281177520752
L0H10,3,0.10223867744207382,0.05414499342441559,0.048093684017658234,0.08746694773435593,0.07373107969760895,0.09112036973237991
L0H10,4,0.09268053621053696,0.05057573691010475,0.042104803025722504,0.049994759261608124,0.04861879721283913,0.06458678841590881
L0H10,5,0.09755513817071915,0.058468811213970184,0.03908633440732956,0.04577905312180519,0.04640381410717964,0.06038815155625343
L0H10,6,0.11473868042230606,0.08038588613271713,0.03435278683900833,0.08689329028129578,0.07519770413637161,0.0892845019698143
L0H10,7,0.07775243371725082,0.04604683443903923,0.031705599278211594,0.04188492149114609,0.04220304265618324,0.05691206455230713
L0H10,8,0.0019014059798792005,0.0024920334108173847,-0.0005906274309381843,0.00990601722151041,0.013432791456580162,0.007608990650624037
L0H10,9,0.06533199548721313,0.0001724510220810771,0.06515953689813614,0.08486539125442505,0.07055814564228058,0.09152133017778397
L0H10,10,0.07062221318483353,0.02488802559673786,0.04573418200016022,0.07263697683811188,0.06792661547660828,0.08109269291162491
L0H10,11,0.06413049250841141,0.03202788904309273,0.03210260346531868,0.06100119277834892,0.055371567606925964,0.06511656194925308
L0H10,12,0.0653495192527771,0.032348860055208206,0.033000648021698,0.042311809957027435,0.048039551824331284,0.05797765776515007
L0H10,13,0.0977000743150711,0.05755732208490372,0.040142759680747986,0.04749089106917381,0.050004929304122925,0.06534631550312042
L0H11,0,0.04505699872970581,0.11052454262971878,-0.06546755880117416,0.15062670409679413,0.13964036107063293,0.1228429302573204
L0H11,1,0.05361853912472725,0.11829187721014023,-0.06467334181070328,0.15539152920246124,0.14175061881542206,0.1236582025885582
L0H11,2,0.08165492117404938,0.15127424895763397,-0.069619320333004,0.1670912504196167,0.1768839806318283,0.14608882367610931
L0H11,3,0.03829176723957062,0.08969363570213318,-0.05140186473727226,0.11807330697774887,0.11074795573949814,0.09793344140052795
L0H11,4,0.034962788224220276,0.0796385109424591,-0.044675715267658234,0.11159805208444595,0.09570398181676865,0.08934342116117477
L0H11,5,0.034003846347332,0.07486019283533096,-0.040856339037418365,0.10441430658102036,0.08849926292896271,0.08351944386959076
L0H11,6,0.04007706791162491,0.09064134955406189,-0.050564274191856384,0.12442753463983536,0.10865732282400131,0.10443877428770065
L0H11,7,0.030434293672442436,0.07094860076904297,-0.04051431268453598,0.10028500854969025,0.085911326110363,0.08157026022672653
L0H11,8,0.002338834572583437,0.0030010577756911516,-0.000662222970277071,0.012315826490521431,0.01792299933731556,0.013297611847519875
L0H11,9,0.030617376789450645,0.07818935066461563,-0.04757196828722954,0.11541371792554855,0.10296732187271118,0.09801647812128067
L0H11,10,0.03338063880801201,0.0714220330119133,-0.03804139792919159,0.09722265601158142,0.09116217494010925,0.08619464933872223
L0H11,11,0.022878127172589302,0.05854514613747597,-0.035667020827531815,0.08579064905643463,0.0737198144197464,0.07142212986946106
L0H11,12,0.026047000661492348,0.06652111560106277,-0.04047412797808647,0.10832760483026505,0.08789560943841934,0.08463945239782333
L0H11,13,0.03814323991537094,0.08017610758543015,-0.04203286021947861,0.10588923841714859,0.09250038117170334,0.08553314954042435
L1H0,0,0.048461224883794785,0.03282448276877403,0.015636751428246498,0.05395343899726868,0.046095237135887146,0.05427354946732521
L1H0,1,0.02407800406217575,0.020244577899575233,0.0038334287237375975,0.05026913061738014,0.04562702775001526,0.0439746156334877
L1H0,2,0.01594882644712925,0.007996399886906147,0.007952427491545677,0.07971332222223282,0.08042022585868835,0.0857362151145935
L1H0,3,0.006940709892660379,0.0006139248143881559,0.006326786708086729,0.047128621488809586,0.05144429951906204,0.05038412660360336
L1H0,4,0.005769047420471907,0.013214352540671825,-0.007445305585861206,0.029432401061058044,0.02939394675195217,0.03688729554414749
L1H0,5,0.0053692832589149475,0.01712551712989807,-0.01175623293966055,0.030363844707608223,0.034108806401491165,0.04207472875714302
L1H0,6,0.019988572224974632,0.03009924478828907,-0.010110669769346714,0.035485994070768356,0.03863821178674698,0.04199478030204773
L1H0,7,0.008124137297272682,0.01845623552799225,-0.010332098230719566,0.02652488462626934,0.027756599709391594,0.03376775607466698
L1H0,8,-0.0008520748815499246,-4.0619608626002446e-05,-0.0008114553056657314,0.0060579716227948666,0.0034255580976605415,0.007404574658721685
L1H0,9,0.01095473114401102,0.020131194964051247,-0.009176463820040226,0.03998669981956482,0.036865655332803726,0.04227805137634277
L1H0,10,0.010906550101935863,0.006964412052184343,0.003942138981074095,0.05418851226568222,0.0531475767493248,0.059314385056495667
L1H0,11,0.009479676373302937,0.0046851057559251785,0.004794570617377758,0.04296909272670746,0.042912255972623825,0.046027589589357376
L1H0,12,0.010488642379641533,0.012773575261235237,-0.002284931717440486,0.03200502693653107,0.02984754741191864,0.03768971562385559
L1H0,13,0.008474578149616718,0.018834808841347694,-0.01036023162305355,0.03617101535201073,0.036983586847782135,0.04823289066553116
L1H1,0,0.03020578809082508,0.02197660133242607,0.008229188621044159,0.045542288571596146,0.06310915946960449,0.0727812722325325
L1H1,1,-0.00941928755491972,-0.014562762342393398,0.0051434775814414024,0.050171416252851486,0.06374765187501907,0.07187582552433014
L1H1,2,-0.007670147344470024,-0.016721226274967194,0.009051077999174595,0.052739039063453674,0.06785757094621658,0.07923803478479385
L1H1,3,0.007704352959990501,-0.0015308305155485868,0.009235182777047157,0.039380405098199844,0.04534440487623215,0.04890802875161171
L1H1,4,-0.02208387851715088,-0.025563646107912064,0.003479769453406334,0.04678351804614067,0.04874168708920479,0.04523599520325661
L1H1,5,-0.007258458528667688,-0.009679440408945084,0.0024209816474467516,0.04009371995925903,0.04250902310013771,0.04422444850206375
L1H1,6,0.013840694911777973,0.010477094911038876,0.0033636006992310286,0.05150824785232544,0.05175809934735298,0.06349872797727585
L1H1,7,-0.0003440805885475129,-0.0046571106649935246,0.004313030745834112,0.034360628575086594,0.036421213299036026,0.042554162442684174
L1H1,8,-0.0006548736128024757,0.00031273308559320867,-0.0009676068439148366,0.006144621409475803,0.007677928544580936,0.010592286475002766
L1H1,9,-0.003328105201944709,-0.009844878688454628,0.006516773719340563,0.04092574492096901,0.05045052245259285,0.05384150147438049
L1H1,10,0.003743016393855214,-0.005609892774373293,0.009352910332381725,0.03076554462313652,0.0399024561047554,0.04379056766629219
L1H1,11,0.010972224175930023,0.0027603565249592066,0.00821186974644661,0.027146853506565094,0.03246566280722618,0.03563463315367699
L1H1,12,-0.004939567297697067,-0.011191020719707012,0.006251452025026083,0.03863613307476044,0.04302844777703285,0.04150337353348732
L1H1,13,-0.0010292300721630454,-0.007741713430732489,0.006712484639137983,0.04199429973959923,0.04737698659300804,0.04776690900325775
L1H2,0,-0.07891067117452621,-0.05603316053748131,-0.022877514362335205,0.04915175959467888,0.0617992989718914,0.06967255473136902
L1H2,1,-0.05677727982401848,-0.03298201039433479,-0.02379528060555458,0.04615933448076248,0.06964332610368729,0.07069092243909836
L1H2,2,-0.05431411415338516,-0.027101032435894012,-0.0272130835801363,0.05498955026268959,0.08325846493244171,0.08422371000051498
L1H2,3,-0.03618902713060379,-0.015432220883667469,-0.020756809040904045,0.03790076822042465,0.06053487956523895,0.06259631365537643
L1H2,4,-0.026991914957761765,-0.007841849699616432,-0.019150063395500183,0.035693395882844925,0.056200332939624786,0.05768720433115959
L1H2,5,-0.02420400269329548,-0.004610385745763779,-0.01959361881017685,0.032928235828876495,0.05436267331242561,0.05683937668800354
L1H2,6,-0.03310094773769379,-0.008691470138728619,-0.024409480392932892,0.04312778636813164,0.06925822794437408,0.07380488514900208
L1H2,7,-0.02460024692118168,-0.00498529989272356,-0.019614946097135544,0.03495882451534271,0.05656203255057335,0.05947006493806839
L1H2,8,0.001044998411089182,0.0029100130777806044,-0.0018650146666914225,0.010322228074073792,0.017164701595902443,0.016039226204156876
L1H2,9,-0.029780158773064613,-0.0054119355045259,-0.024368222802877426,0.042302537709474564,0.06886406987905502,0.07268118113279343
L1H2,10,-0.024897174909710884,-0.002432555425912142,-0.02246461622416973,0.043363530188798904,0.06064854934811592,0.06715568155050278
L1H2,11,-0.024139491841197014,-0.0009103621705435216,-0.023229127749800682,0.0380047932267189,0.05448443815112114,0.0598728321492672
L1H2,12,-0.02725997567176819,-0.0008512649219483137,-0.026408707723021507,0.044861238449811935,0.06081388145685196,0.06980147212743759
L1H2,13,-0.02684123069047928,0.004589118994772434,-0.03143034875392914,0.04950668290257454,0.07131531089544296,0.08086156100034714
L1H3,0,0.011588864959776402,0.010697104968130589,0.0008917568484321237,0.031662799417972565,0.04373835027217865,0.0487363375723362
L1H3,1,0.036537833511829376,0.02928137592971325,0.007256459444761276,0.054938171058893204,0.08143340051174164,0.08510849624872208
L1H3,2,0.048304203897714615,0.035143475979566574,0.013160726986825466,0.05704384669661522,0.1033681184053421,0.10547281056642532
L1H3,3,0.02922346070408821,0.025202549993991852,0.00402090884745121,0.046817053109407425,0.07379176467657089,0.07604451477527618
L1H3,4,0.028312699869275093,0.024051785469055176,0.004260914400219917,0.04510577395558357,0.06621167063713074,0.06787507236003876
L1H3,5,0.027586618438363075,0.02254079468548298,0.005045821890234947,0.04080108180642128,0.05920267850160599,0.061023812741041183
L1H3,6,0.032734550535678864,0.026219569146633148,0.006514979060739279,0.050392743200063705,0.07465321570634842,0.07613761723041534
L1H3,7,0.028938906267285347,0.023356208577752113,0.005582693964242935,0.040948573499917984,0.059152692556381226,0.05983860790729523
L1H3,8,0.0019938908517360687,0.0007067937403917313,0.0012870972277596593,0.01400869619101286,0.011234022676944733,0.018030142411589622
L1H3,9,0.030571676790714264,0.026076192036271095,0.004495483823120594,0.04404151067137718,0.06484179198741913,0.06443443894386292
L1H3,10,0.027189159765839577,0.022304290905594826,0.004884868860244751,0.03639110550284386,0.05530551075935364,0.05477488413453102
L1H3,11,0.02016737498342991,0.018512604758143425,0.0016547696432098746,0.03398101404309273,0.046083077788352966,0.04706813395023346
L1H3,12,0.02039184980094433,0.019699495285749435,0.0006923549808561802,0.039782918989658356,0.05314280837774277,0.050605904310941696
L1H3,13,0.023199638351798058,0.021913137286901474,0.0012865042081102729,0.03707792982459068,0.051721926778554916,0.05254627391695976
L1H4,0,0.034939609467983246,0.045484136790037155,-0.01054452545940876,0.046538785099983215,0.07473016530275345,0.08784395456314087
L1H4,1,0.034755639731884,0.05551952123641968,-0.020763888955116272,0.05664654076099396,0.08446096628904343,0.09860774874687195
L1H4,2,0.040967345237731934,0.06385799497365952,-0.022890659049153328,0.062084704637527466,0.09447404742240906,0.10089236497879028
L1H4,3,0.028986234217882156,0.04777645692229271,-0.01879022642970085,0.052807848900556564,0.06289611011743546,0.07728321105241776
L1H4,4,0.022167498245835304,0.04079841077327728,-0.018630916252732277,0.04616190865635872,0.0563104972243309,0.06777618825435638
L1H4,5,0.014091524295508862,0.03219962120056152,-0.018108101561665535,0.041558582335710526,0.05351485311985016,0.06350862234830856
L1H4,6,0.025857502594590187,0.04465769976377487,-0.018800195306539536,0.04906842112541199,0.059666480869054794,0.07019899040460587
L1H4,7,0.022217972204089165,0.035988371819257736,-0.013770404271781445,0.04020361229777336,0.04733158275485039,0.05521456524729729
L1H4,8,-0.00043461861787363887,-0.0009187522227875888,0.00048413360491394997,0.00959054660052061,0.01112400833517313,0.013439560309052467
L1H4,9,0.02134980820119381,0.03567501902580261,-0.014325208961963654,0.04274096339941025,0.05305519700050354,0.06166946515440941
L1H4,10,0.016646722331643105,0.025706708431243896,-0.009059986099600792,0.03628730773925781,0.04487501457333565,0.050246432423591614
L1H4,11,0.014120335690677166,0.01982421986758709,-0.005703883245587349,0.031231621280312538,0.03560832887887955,0.042340490967035294
L1H4,12,0.012721109203994274,0.019315967336297035,-0.0065948618575930595,0.03306927904486656,0.03820977732539177,0.046950098127126694
L1H4,13,0.007655762601643801,0.011878971010446548,-0.004223209340125322,0.03237372264266014,0.041025560349226,0.048229072242975235
L1H5,0,-0.05878940969705582,-0.058507904410362244,-0.00028151049627922475,0.037919413298368454,0.049812063574790955,0.058735426515340805
L1H5,1,-0.09526076912879944,-0.08933306485414505,-0.005927703808993101,0.05682128295302391,0.06539662927389145,0.06233549118041992
L1H5,2,-0.10273521393537521,-0.0995132178068161,-0.0032220000866800547,0.08387577533721924,0.08666970580816269,0.06725739687681198
L1H5,3,-0.07003971934318542,-0.06772021949291229,-0.0023194963578134775,0.05167435109615326,0.06055881455540657,0.05423470959067345
L1H5,4,-0.05904771015048027,-0.05491897463798523,-0.004128732718527317,0.05019135773181915,0.05498472973704338,0.05055083706974983
L1H5,5,-0.028084468096494675,-0.02826983854174614,0.0001853702706284821,0.045764703303575516,0.05056202784180641,0.05099792033433914
L1H5,6,-0.06808224320411682,-0.06846483796834946,0.00038259499706327915,0.06181969493627548,0.06817133724689484,0.06450193375349045
L1H5,7,-0.09954498708248138,-0.08554866164922714,-0.013996312394738197,0.0635012835264206,0.06407787650823593,0.05858555808663368
L1H5,8,-0.005032501183450222,-0.004184754099696875,-0.0008477467927150428,0.023189997300505638,0.019509930163621902,0.013094427064061165
L1H5,9,-0.10051087290048599,-0.08767883479595184,-0.012832039035856724,0.07608169317245483,0.0785093605518341,0.06727913022041321
L1H5,10,-0.07413247972726822,-0.06636632233858109,-0.007766153197735548,0.06665422022342682,0.06855517625808716,0.05495571717619896
L1H5,11,-0.05760215222835541,-0.0537952184677124,-0.0038069349247962236,0.0513589046895504,0.05794541537761688,0.05264380946755409
L1H5,12,-0.06786736100912094,-0.05971284210681915,-0.008154528215527534,0.06754481792449951,0.06809107214212418,0.05922441557049751
L1H5,13,-0.030576957389712334,-0.029598718509078026,-0.0009782384149730206,0.05658755823969841,0.06016821414232254,0.05774012953042984
L1H6,0,-0.048814382404088974,-0.03293028473854065,-0.01588410511612892,0.029902929440140724,0.04871268942952156,0.047924138605594635
L1H6,1,-0.026829035952687263,-0.020481450483202934,-0.0063475873321294785,0.04125320911407471,0.05688204988837242,0.05395989492535591
L1H6,2,-0.028569284826517105,-0.02403361350297928,-0.004535674583166838,0.05161302164196968,0.06051690876483917,0.0681174024939537
L1H6,3,-0.008277660235762596,-0.01764172501862049,0.009364064782857895,0.06008855625987053,0.05131615698337555,0.06847099214792252
L1H6,4,-0.00455652829259634,-0.005528585519641638,0.0009720575180836022,0.044415976852178574,0.037348028272390366,0.047392524778842926
L1H6,5,-0.0034229252487421036,0.006964815314859152,-0.010387739166617393,0.03445681929588318,0.04250549152493477,0.05178302153944969
L1H6,6,0.028543559834361076,0.07142351567745209,-0.04287995025515556,0.10656005144119263,0.08372482657432556,0.09919274598360062
L1H6,7,-0.008051518350839615,0.005449698306620121,-0.013501215726137161,0.027136024087667465,0.03476124629378319,0.04138566926121712
L1H6,8,0.005126962438225746,0.004012973979115486,0.0011139879934489727,0.024866607040166855,0.022965719923377037,0.017879270017147064
L1H6,9,-0.0036661773920059204,0.011485762894153595,-0.015151940286159515,0.05802953243255615,0.05395298823714256,0.06180064380168915
L1H6,10,-0.00494103180244565,0.00913011934608221,-0.014071152545511723,0.04980524629354477,0.04643667861819267,0.054425664246082306
L1H6,11,0.002652908442541957,0.007147841155529022,-0.004494931548833847,0.049243927001953125,0.042744338512420654,0.056503910571336746
L1H6,12,0.007988996803760529,0.03044923022389412,-0.022460229694843292,0.06926771253347397,0.09282668679952621,0.06257987767457962
L1H6,13,0.0030474327504634857,0.023769600316882133,-0.020722169429063797,0.04177838936448097,0.047323208302259445,0.05875943973660469
L1H7,0,0.039888035506010056,0.013935977593064308,0.0259520523250103,0.04679400101304054,0.0707007572054863,0.079255610704422
L1H7,1,0.0796380341053009,0.02236211486160755,0.0572759173810482,0.06441371142864227,0.08358492702245712,0.09904453903436661
L1H7,2,0.11308761686086655,0.03370671719312668,0.07938089966773987,0.08212023228406906,0.1027550920844078,0.11638379842042923
L1H7,3,0.13306528329849243,0.04061894863843918,0.09244634211063385,0.076636403799057,0.08257056772708893,0.09970250725746155
L1H7,4,0.11558825522661209,0.04420100525021553,0.07138726115226746,0.07390790432691574,0.0717853531241417,0.08786386996507645
L1H7,5,0.08774298429489136,0.048668552190065384,0.039074428379535675,0.05371466651558876,0.05768125504255295,0.07269398868083954
L1H7,6,0.15268078446388245,0.11522325873374939,0.03745754063129425,0.08470464497804642,0.08126971870660782,0.09396470338106155
L1H7,7,0.11796323210000992,0.11624887585639954,0.0017143625300377607,0.05581071600317955,0.0680004358291626,0.06566905975341797
L1H7,8,0.006699348799884319,0.008536280132830143,-0.0018369314493611455,0.03018360026180744,0.03781033307313919,0.019998131319880486
L1H7,9,0.14370323717594147,0.1419810950756073,0.001722141751088202,0.06683529168367386,0.08383958786725998,0.07678021490573883
L1H7,10,0.11674744635820389,0.11051755398511887,0.006229889579117298,0.07293078303337097,0.08498004078865051,0.06544594466686249
L1H7,11,0.11735519766807556,0.10328777134418488,0.014067444950342178,0.05698626488447189,0.0663614422082901,0.06126143038272858
L1H7,12,0.11299438774585724,0.09564372152090073,0.01735067367553711,0.07835695892572403,0.08031854778528214,0.0661378875374794
L1H7,13,0.11373227089643478,0.10165880620479584,0.012073474004864693,0.05895167589187622,0.06998473405838013,0.07395229488611221
L1H8,0,0.0668390691280365,0.022123247385025024,0.04471582919359207,0.059603501111269,0.03879299387335777,0.06588640809059143
L1H8,1,0.04821353778243065,0.01091323047876358,0.03730029985308647,0.05658554658293724,0.039155542850494385,0.07088156044483185
L1H8,2,0.04634421691298485,0.006991507485508919,0.03935270383954048,0.06466123461723328,0.04819027706980705,0.08279436081647873
L1H8,3,0.019190829247236252,0.0011174532119184732,0.018073376268148422,0.04212608188390732,0.034346017986536026,0.05340169742703438
L1H8,4,0.01449991948902607,-0.001025115605443716,0.015525035560131073,0.033522266894578934,0.03072173520922661,0.04658636450767517
L1H8,5,0.01422099582850933,-0.0020813087467104197,0.016302302479743958,0.030515756458044052,0.02885534055531025,0.043074458837509155
L1H8,6,0.012541678734123707,-0.012985912151634693,0.02552759274840355,0.03726810961961746,0.03536340221762657,0.0525512769818306
L1H8,7,0.006768597289919853,-0.01298808865249157,0.019756684079766273,0.028222179040312767,0.02828782983124256,0.04055929556488991
L1H8,8,0.0008010184392333031,0.00022811662347521633,0.0005729018594138324,0.0074804057367146015,0.006587501615285873,0.009559618309140205
L1H8,9,0.01344994269311428,-0.010442550294101238,0.023892495781183243,0.035444095730781555,0.03210369497537613,0.04921620711684227
L1H8,10,0.005994423292577267,-0.011247153393924236,0.017241576686501503,0.030678661540150642,0.030903257429599762,0.04513126239180565
L1H8,11,-0.001331566134467721,-0.012811808846890926,0.0114802410826087,0.027977244928479195,0.027509458363056183,0.0387885607779026
L1H8,12,-0.003526764689013362,-0.015925850719213486,0.01239908579736948,0.030369367450475693,0.03024313412606716,0.04305450990796089
L1H8,13,-0.004979351069778204,-0.01884252205491066,0.013863170519471169,0.031617436558008194,0.03292936086654663,0.047133833169937134
L1H9,0,-0.003314601955935359,-0.014741037972271442,0.01142643392086029,0.02900177426636219,0.030595196411013603,0.04046226292848587
L1H9,1,0.003049640217795968,-0.009931693784892559,0.012981334701180458,0.025929788127541542,0.028615353628993034,0.03815547004342079
L1H9,2,0.002597545040771365,-0.01033754926174879,0.012935095466673374,0.02974933758378029,0.032751116901636124,0.04422466829419136
L1H9,3,0.00427261833101511,-0.004420009907335043,0.00869262870401144,0.021924661472439766,0.02362959273159504,0.031126592308282852
L1H9,4,0.005419083870947361,-0.002524331444874406,0.007943414151668549,0.021369921043515205,0.02181420288980007,0.02989501692354679
L1H9,5,0.0062911007553339005,-0.0024657936301082373,0.008756894618272781,0.02165037952363491,0.021273627877235413,0.029925260692834854
L1H9,6,0.00812806747853756,-0.006203830242156982,0.014331898652017117,0.02856147475540638,0.02559630572795868,0.03735733404755592
L1H9,7,0.00776760745793581,-0.003977736923843622,0.01174534484744072,0.021701660007238388,0.021298136562108994,0.029721299186348915
L1H9,8,0.0012689674040302634,0.0005407218704931438,0.0007282454171217978,0.006442383863031864,0.005265775602310896,0.007037772331386805
L1H9,9,0.00897070299834013,-0.004754644352942705,0.013725348748266697,0.02652863785624504,0.025544174015522003,0.03663744404911995
L1H9,10,0.00708020431920886,-0.004297602456063032,0.011377807706594467,0.024552686139941216,0.023537909612059593,0.033594049513339996
L1H9,11,0.006293822079896927,-0.0032544375862926245,0.00954825896769762,0.021227248013019562,0.020107945427298546,0.028073247522115707
L1H9,12,0.007437781430780888,-0.0019712180364876986,0.009409000165760517,0.024362502619624138,0.022437412291765213,0.03235340118408203
L1H9,13,0.009214682504534721,-0.0021435159724205732,0.011358196847140789,0.028699636459350586,0.024709153920412064,0.03730052337050438
L1H10,0,-0.07067445665597916,-0.047736454755067825,-0.022938000038266182,0.05870211869478226,0.06606520712375641,0.07399356365203857
L1H10,1,-0.10885794460773468,-0.0648384839296341,-0.044019460678100586,0.08887159824371338,0.09883657097816467,0.10793238878250122
L1H10,2,-0.12590883672237396,-0.07039927691221237,-0.05550955981016159,0.10661927610635757,0.11515675485134125,0.12542293965816498
L1H10,3,-0.08045630902051926,-0.046501968055963516,-0.03395434096455574,0.07057150453329086,0.07876631617546082,0.08604975789785385
L1H10,4,-0.07160460948944092,-0.041120778769254684,-0.030483830720186234,0.06095106899738312,0.07035933434963226,0.07863840460777283
L1H10,5,-0.06596514582633972,-0.03820614144206047,-0.027759002521634102,0.05560626834630966,0.06373335421085358,0.07154814898967743
L1H10,6,-0.08456305414438248,-0.05211988836526871,-0.03244316950440407,0.06780607253313065,0.07887052744626999,0.08828689157962799
L1H10,7,-0.06278903037309647,-0.038326602429151535,-0.024462424218654633,0.05075865983963013,0.06049138680100441,0.0677378922700882
L1H10,8,-0.002339351223781705,-0.00011719569738488644,-0.0022221554536372423,0.01581759564578533,0.011581646278500557,0.016917595639824867
L1H10,9,-0.07401476055383682,-0.04515423998236656,-0.02886052615940571,0.058696262538433075,0.06902416050434113,0.07651801407337189
L1H10,10,-0.062028419226408005,-0.036968279629945755,-0.0250601377338171,0.05292829871177673,0.05651124566793442,0.06394769251346588
L1H10,11,-0.05088178440928459,-0.03078596666455269,-0.020095819607377052,0.03974840044975281,0.04694204404950142,0.05329126492142677
L1H10,12,-0.05290847271680832,-0.033379439264535904,-0.019529031589627266,0.04619269818067551,0.05298197641968727,0.05939450114965439
L1H10,13,-0.05796286463737488,-0.03840195760130882,-0.019560901448130608,0.04490295797586441,0.05248657613992691,0.05829504504799843
L1H11,0,-0.00787854753434658,0.018033327534794807,-0.025911875069141388,0.06688249856233597,0.06059799715876579,0.06779704988002777
L1H11,1,-0.06733841449022293,-0.01890580914914608,-0.0484326034784317,0.06977889686822891,0.06713826954364777,0.0773342102766037
L1H11,2,-0.07450184226036072,-0.01780546084046364,-0.05669638141989708,0.09274066984653473,0.0860571339726448,0.09234295785427094
L1H11,3,-0.0545649491250515,-0.012092757038772106,-0.04247219115495682,0.05158029496669769,0.055255476385354996,0.061013128608465195
L1H11,4,-0.03416541963815689,-0.010024758987128735,-0.02414066530764103,0.03264147788286209,0.04096738249063492,0.045598242431879044
L1H11,5,-0.02356000617146492,-0.005972765851765871,-0.017587240785360336,0.030997974798083305,0.04489424079656601,0.04724486172199249
L1H11,6,-0.100324846804142,-0.12457606941461563,0.024251211434602737,0.06142169237136841,0.06014426052570343,0.06771885603666306
L1H11,7,-0.022090507671236992,-0.005317866802215576,-0.016772639006376266,0.03504883125424385,0.042487598955631256,0.04563383385539055
L1H11,8,-0.00183339964132756,5.690086254617199e-05,-0.0018903006566688418,0.011179164983332157,0.010806544683873653,0.01673004776239395
L1H11,9,-0.1000966727733612,-0.051442861557006836,-0.04865380749106407,0.06081267073750496,0.060549333691596985,0.06868892908096313
L1H11,10,-0.08056768029928207,-0.03823261335492134,-0.042335063219070435,0.06173715367913246,0.05685986950993538,0.06161407381296158
L1H11,11,-0.07275551557540894,-0.03186894580721855,-0.04088656231760979,0.04312397912144661,0.044447578489780426,0.048526983708143234
L1H11,12,-0.050495147705078125,-0.02516084536910057,-0.025334300473332405,0.033700454980134964,0.041417915374040604,0.04823566600680351
L1H11,13,-0.04241812601685524,-0.021122531965374947,-0.021295592188835144,0.0357355996966362,0.05023564398288727,0.05500493943691254
L2H0,0,0.011787411756813526,-0.010877992026507854,0.02266540750861168,0.05645230785012245,0.06519941985607147,0.07152564078569412
L2H0,1,0.01945803314447403,-0.0014559139963239431,0.020913947373628616,0.06043674051761627,0.06991998106241226,0.07770710438489914
L2H0,2,0.019700800999999046,-0.005556256975978613,0.025257058441638947,0.06734967976808548,0.08051580935716629,0.09094110131263733
L2H0,3,0.0193901639431715,0.0033945587929338217,0.015995604917407036,0.05017782747745514,0.059208545833826065,0.06007719412446022
L2H0,4,0.020734546706080437,0.004581326153129339,0.01615322194993496,0.04992769658565521,0.05537629500031471,0.05604423210024834
L2H0,5,0.01614043116569519,0.005703621543943882,0.01043680775910616,0.05003895238041878,0.05288092419505119,0.05491821840405464
L2H0,6,0.02194255404174328,0.00530287204310298,0.01663968153297901,0.06398601084947586,0.06774766743183136,0.07058171927928925
L2H0,7,0.015482587739825249,0.0016713707009330392,0.013811216689646244,0.05112754553556442,0.056128378957509995,0.056882862001657486
L2H0,8,-0.001984371803700924,-0.0003918154980055988,-0.0015925562474876642,0.01566314324736595,0.011015867814421654,0.02010808140039444
L2H0,9,0.016958359628915787,6.101502094679745e-06,0.016952259466052055,0.059692855924367905,0.06744341552257538,0.06894057989120483
L2H0,10,0.011710522696375847,-0.0026842341758310795,0.014394755475223064,0.05250518396496773,0.05751339718699455,0.05999530479311943
L2H0,11,0.014154501259326935,0.00249677337706089,0.01165772881358862,0.04460608586668968,0.04848543182015419,0.04964984953403473
L2H0,12,0.02474893443286419,0.008064305409789085,0.016684627160429955,0.05180450156331062,0.05752885714173317,0.05385754257440567
L2H0,13,0.019434818997979164,0.006743478123098612,0.01269133947789669,0.05346474051475525,0.05780516937375069,0.06090494990348816
L2H1,0,0.01244213804602623,-0.0023568852338939905,0.014799023978412151,0.029442012310028076,0.023873034864664078,0.03164235129952431
L2H1,1,0.017497409135103226,-0.00022254904615692794,0.01771995611488819,0.05519659072160721,0.051049407571554184,0.0672193318605423
L2H1,2,0.036299485713243484,0.007713042665272951,0.02858644537627697,0.06326406449079514,0.06418634951114655,0.07732893526554108
L2H1,3,0.06532785296440125,0.017775816842913628,0.04755203798413277,0.06294263899326324,0.04995080456137657,0.0593266524374485
L2H1,4,0.08027354627847672,0.02341960184276104,0.056853946298360825,0.062107473611831665,0.04539892449975014,0.06355224549770355
L2H1,5,0.06639371812343597,0.024259647354483604,0.04213406890630722,0.04239434748888016,0.0337575301527977,0.04455115273594856
L2H1,6,0.13701635599136353,0.13866645097732544,-0.0016501009231433272,0.07148367911577225,0.07375897467136383,0.07221291214227676
L2H1,7,0.06743166595697403,0.06812380254268646,-0.0006921424064785242,0.03604905679821968,0.03937482833862305,0.03811099752783775
L2H1,8,0.006101391743868589,0.007498286198824644,-0.001396894920617342,0.026142897084355354,0.03242240846157074,0.010912858881056309
L2H1,9,0.13450799882411957,0.11558541655540466,0.018922584131360054,0.08939465880393982,0.08293363451957703,0.08019135892391205
L2H1,10,0.0907047763466835,0.07861940562725067,0.012085371650755405,0.0679425448179245,0.06548970937728882,0.05564286932349205
L2H1,11,0.06670992821455002,0.06047357991337776,0.0062363529577851295,0.045649204403162,0.050846729427576065,0.04123109579086304
L2H1,12,0.07403495907783508,0.07065580040216446,0.0033791568130254745,0.0509660467505455,0.04850464686751366,0.04876956716179848
L2H1,13,0.07292238622903824,0.07338304817676544,-0.000460666575236246,0.03473307192325592,0.04012862220406532,0.04257155582308769
L2H2,0,0.013067057356238365,0.010298991575837135,0.002768064383417368,0.012935723178088665,0.01689779758453369,0.01940924860537052
L2H2,1,0.02161819487810135,0.01594953052699566,0.005668662954121828,0.03302251920104027,0.05320114642381668,0.05831428989768028
L2H2,2,0.008570432662963867,-0.0021335361525416374,0.010703968815505505,0.07371354103088379,0.08460438251495361,0.0858398824930191
L2H2,3,0.00833237636834383,0.005047410726547241,0.003284966107457876,0.052098535001277924,0.062098704278469086,0.06498844176530838
L2H2,4,0.012660549953579903,0.014422442764043808,-0.0017618933925405145,0.02506576105952263,0.03115677274763584,0.03356022760272026
L2H2,5,0.015265993773937225,0.012561730109155178,0.0027042643632739782,0.0336715430021286,0.04288731887936592,0.04118737205862999
L2H2,6,0.027538003399968147,0.023894574493169785,0.003643425414338708,0.026923276484012604,0.04194489121437073,0.04335134103894234
L2H2,7,0.016026068478822708,0.021907197311520576,-0.005881131161004305,0.023743916302919388,0.027400022372603416,0.030855312943458557
L2H2,8,0.0022778136190027,0.0018383348360657692,0.00043947898666374385,0.010022049769759178,0.009163604117929935,0.006825196091085672
L2H2,9,0.022283082827925682,0.022639378905296326,-0.0003562932542990893,0.019590169191360474,0.02904755249619484,0.03206011280417442
L2H2,10,0.008387255482375622,0.00455094687640667,0.003836308140307665,0.03602439910173416,0.04593544453382492,0.046803850680589676
L2H2,11,0.005427611991763115,0.006168426014482975,-0.0007408137898892164,0.033667370676994324,0.03914763033390045,0.04007094353437424
L2H2,12,0.01141439750790596,0.0159609317779541,-0.004546533338725567,0.024115240201354027,0.02900787815451622,0.02999481000006199
L2H2,13,0.01992756314575672,0.01870294101536274,0.00122462201397866,0.03026670403778553,0.04493153095245361,0.04395518824458122
L2H3,0,0.06558731198310852,0.08315964788198471,-0.017572345212101936,0.04959014803171158,0.056277159601449966,0.062418390065431595
L2H3,1,0.0849829614162445,0.1005290299654007,-0.015546070411801338,0.06814052909612656,0.07060078531503677,0.07057726383209229
L2H3,2,0.10272859781980515,0.1080486848950386,-0.00532007310539484,0.09495643526315689,0.09877884387969971,0.07350140064954758
L2H3,3,0.06802830100059509,0.07446926832199097,-0.0064409696497023106,0.056052252650260925,0.05706394463777542,0.05805685371160507
L2H3,4,0.0458582378923893,0.06334485113620758,-0.01748661883175373,0.04071437194943428,0.05029762536287308,0.05236028879880905
L2H3,5,0.03934071585536003,0.05568581074476242,-0.01634509675204754,0.040221601724624634,0.05020882934331894,0.04689575359225273
L2H3,6,0.06745944172143936,0.0864599272608757,-0.019000478088855743,0.0587109737098217,0.06746545433998108,0.0642123594880104
L2H3,7,0.05242929607629776,0.06969176232814789,-0.01726246252655983,0.04478659853339195,0.05231497436761856,0.050715431571006775
L2H3,8,0.00034591948497109115,0.001743633416481316,-0.0013977139024063945,0.005063242744654417,0.010294485837221146,0.009531859308481216
L2H3,9,0.0631396621465683,0.0800245851278305,-0.01688491739332676,0.05659480392932892,0.060165539383888245,0.05859629437327385
L2H3,10,0.05716129392385483,0.06121712177991867,-0.004055824130773544,0.05702487751841545,0.05420873314142227,0.04817169904708862
L2H3,11,0.050778068602085114,0.05403915047645569,-0.003261081874370575,0.044025201350450516,0.04069638252258301,0.0426807627081871
L2H3,12,0.04277353733778,0.05571474879980087,-0.012941215187311172,0.04172218590974808,0.04562847316265106,0.04956095293164253
L2H3,13,0.04268067330121994,0.058701302856206894,-0.016020622104406357,0.04367009550333023,0.04965675249695778,0.04662469029426575
L2H4,0,0.004101217724382877,0.005651887971907854,-0.001550670713186264,0.029016828164458275,0.035478126257658005,0.03475404158234596
L2H4,1,0.01007925160229206,0.01839512400329113,-0.008315869607031345,0.03249603509902954,0.0386425219476223,0.03985404968261719
L2H4,2,0.046722348779439926,0.012939870357513428,0.0337824784219265,0.06080619990825653,0.057865116745233536,0.07287292182445526
L2H4,3,0.024805085733532906,0.013358650729060173,0.011446436867117882,0.0436815544962883,0.042889200150966644,0.04870055243372917
L2H4,4,0.009769748896360397,0.022138264030218124,-0.012368518859148026,0.022610900923609734,0.026134522631764412,0.03080092743039131
L2H4,5,0.03082157112658024,0.044757477939128876,-0.013935905881226063,0.039921555668115616,0.04505163058638573,0.044735729694366455
L2H4,6,0.011173720471560955,0.029988491907715797,-0.018814770504832268,0.028170505538582802,0.03373485058546066,0.0373179130256176
L2H4,7,0.005411858204752207,0.025220973417162895,-0.019809117540717125,0.024704188108444214,0.02757961116731167,0.03331860527396202
L2H4,8,0.0016273922519758344,0.0022885878570377827,-0.0006611955468542874,0.007878431119024754,0.010485334321856499,0.0061992136761546135
L2H4,9,0.007027142681181431,0.026635464280843735,-0.01960831880569458,0.03044641762971878,0.03618485853075981,0.04149406775832176
L2H4,10,0.02474248595535755,0.019849112257361412,0.0048933750949800014,0.03458312526345253,0.03306860849261284,0.037839051336050034
L2H4,11,0.018148504197597504,0.017729777842760086,0.0004187285085208714,0.027622558176517487,0.027511658146977425,0.031052719801664352
L2H4,12,0.0070315077900886536,0.018067587167024612,-0.011036081239581108,0.022532587870955467,0.028710296377539635,0.028839347884058952
L2H4,13,0.028708014637231827,0.043125126510858536,-0.014417109079658985,0.03599770367145538,0.04423832520842552,0.04169430956244469
L2H5,0,0.012728883884847164,-0.026791274547576904,0.03952015936374664,0.05475576967000961,0.05622566491365433,0.07780180871486664
L2H5,1,-0.021539587527513504,-0.0567227303981781,0.0351831391453743,0.04955171048641205,0.06219831109046936,0.07862339913845062
L2H5,2,-0.006086995359510183,-0.05581163987517357,0.04972464591264725,0.0623057559132576,0.07587656378746033,0.1010136604309082
L2H5,3,0.005185519810765982,-0.034930385649204254,0.04011590778827667,0.050425752997398376,0.053664129227399826,0.07250069826841354
L2H5,4,0.002427444327622652,-0.03629279136657715,0.03872023522853851,0.04428134113550186,0.04736249893903732,0.06393666565418243
L2H5,5,0.0352507159113884,-0.007575116120278835,0.04282583296298981,0.05717314034700394,0.04491071775555611,0.06531748175621033
L2H5,6,0.023093804717063904,-0.022098783403635025,0.04519259184598923,0.06143365800380707,0.052878882735967636,0.07546322792768478
L2H5,7,0.00854676403105259,-0.03105989284813404,0.03960665687918663,0.05079822242259979,0.042332373559474945,0.06651528924703598
L2H5,8,-0.0006829343037679791,-0.0019943767692893744,0.0013114424655213952,0.006558740511536598,0.014795642346143723,0.013344833627343178
L2H5,9,0.017323018983006477,-0.03440694883465767,0.051729969680309296,0.0643833577632904,0.0555524080991745,0.08664106577634811
L2H5,10,0.018149735406041145,-0.027729887515306473,0.04587962105870247,0.05626605451107025,0.04589676856994629,0.07610930502414703
L2H5,11,0.015570778399705887,-0.02299652248620987,0.038567300885915756,0.0420064851641655,0.0390113890171051,0.057673379778862
L2H5,12,0.005226852372288704,-0.03040626272559166,0.035633113235235214,0.042671967297792435,0.04212721437215805,0.05762964487075806
L2H5,13,0.039374299347400665,-0.005989496596157551,0.04536379501223564,0.059718694537878036,0.04740609601140022,0.0670415386557579
L2H6,0,0.004763181786984205,0.00649687135592103,-0.0017336911987513304,0.015118297189474106,0.018583830446004868,0.02020137384533882
L2H6,1,0.02890096791088581,0.02716251276433468,0.001738455961458385,0.023735692724585533,0.029336251318454742,0.031805939972400665
L2H6,2,0.033951662480831146,0.03477252274751663,-0.0008208618964999914,0.033063855022192,0.041977930814027786,0.0424603596329689
L2H6,3,0.02312210015952587,0.02505584992468357,-0.0019337489502504468,0.022941527888178825,0.02937747724354267,0.030670510604977608
L2H6,4,0.021178755909204483,0.01784760318696499,0.003331151558086276,0.020809095352888107,0.02573857642710209,0.02581406570971012
L2H6,5,0.016610154882073402,0.014539001509547234,0.0020711536053568125,0.02016330324113369,0.025465229526162148,0.025774246081709862
L2H6,6,0.0211479552090168,0.015302086248993874,0.005845868494361639,0.026395319029688835,0.03287148103117943,0.033979032188653946
L2H6,7,0.01537356898188591,0.010342719033360481,0.005030848551541567,0.02174190618097782,0.02675066888332367,0.029244106262922287
L2H6,8,0.000679955177474767,0.00015805191651452333,0.000521903217304498,0.003909211605787277,0.005981498397886753,0.007200444582849741
L2H6,9,0.021893642842769623,0.01693124696612358,0.004962393548339605,0.027665073052048683,0.03590904921293259,0.04004054144024849
L2H6,10,0.020010966807603836,0.017581742256879807,0.002429222920909524,0.024883896112442017,0.032370761036872864,0.03464879095554352
L2H6,11,0.01699899695813656,0.01571100391447544,0.001287995488382876,0.01990605518221855,0.026983123272657394,0.029403582215309143
L2H6,12,0.01760869473218918,0.013847200199961662,0.0037614917382597923,0.023405596613883972,0.030468670651316643,0.0323728546500206
L2H6,13,0.01856864057481289,0.016447899863123894,0.0021207432728260756,0.023495394736528397,0.03279313072562218,0.0334862619638443
L2H7,0,-0.0005420887609943748,-0.017514409497380257,0.016972320154309273,0.022436652332544327,0.020800571888685226,0.028164617717266083
L2H7,1,-0.014882611110806465,-0.029245737940073013,0.01436313334852457,0.05156172811985016,0.0463300459086895,0.06045994535088539
L2H7,2,-0.02923041768372059,-0.03999864310026169,0.010768231004476547,0.054174214601516724,0.05771210417151451,0.06488659977912903
L2H7,3,-0.03164750710129738,-0.030982868745923042,-0.0006646366673521698,0.03984853997826576,0.04042958840727806,0.04822148382663727
L2H7,4,-0.017945129424333572,-0.017103897407650948,-0.0008412320748902857,0.030606485903263092,0.03383030369877815,0.03982892632484436
L2H7,5,-0.009402009658515453,-0.009734021499752998,0.0003320117248222232,0.026689255610108376,0.031224004924297333,0.03646760806441307
L2H7,6,-0.020275229588150978,-0.03705865517258644,0.016783425584435463,0.03471865877509117,0.04214797541499138,0.04858923703432083
L2H7,7,-0.017894767224788666,-0.02787945047020912,0.00998468417674303,0.027772901579737663,0.03290990740060806,0.0387699268758297
L2H7,8,-0.0008148290798999369,-0.0016447704983875155,0.0008299413020722568,0.006294848397374153,0.008908620104193687,0.008787712082266808
L2H7,9,-0.023181980475783348,-0.03124850057065487,0.008066518232226372,0.036431685090065,0.04114876687526703,0.04719466716051102
L2H7,10,-0.024875875562429428,-0.027751734480261803,0.002875854726880789,0.03507031127810478,0.03752603381872177,0.042182013392448425
L2H7,11,-0.024580158293247223,-0.025039684027433395,0.000459528062492609,0.03061816096305847,0.03423510119318962,0.03783872723579407
L2H7,12,-0.022549036890268326,-0.020611219108104706,-0.0019378192955628037,0.032526228576898575,0.038050081580877304,0.040832702070474625
L2H7,13,-0.017287148162722588,-0.016352912411093712,-0.0009342316188849509,0.03197106719017029,0.040073130279779434,0.04421994090080261
L2H8,0,0.004244338255375624,0.009011045098304749,-0.00476670591160655,0.03972954303026199,0.056721463799476624,0.061004750430583954
L2H8,1,-0.018299197778105736,-0.00713611813262105,-0.011163078248500824,0.048617564141750336,0.06552989780902863,0.07084965705871582
L2H8,2,-0.02101815491914749,-0.009876307100057602,-0.01114184781908989,0.047945164144039154,0.06860192865133286,0.07199646532535553
L2H8,3,-0.009418143890798092,-0.005879396107047796,-0.003538747550919652,0.03374611213803291,0.048160724341869354,0.05297626554965973
L2H8,4,0.0028357161208987236,0.010800688527524471,-0.007964970543980598,0.03259805217385292,0.04674946889281273,0.05084594339132309
L2H8,5,0.023993296548724174,0.034402694553136826,-0.010409398935735226,0.04165564477443695,0.06832527369260788,0.06307695806026459
L2H8,6,0.04159541428089142,0.045534953474998474,-0.003939539659768343,0.04166096821427345,0.07526003569364548,0.0728372260928154
L2H8,7,0.019039751961827278,0.020938456058502197,-0.00189870351459831,0.027052899822592735,0.043434564024209976,0.049515772610902786
L2H8,8,0.0009036546107381582,0.0014689654344692826,-0.0005653107655234635,0.008766980841755867,0.009835601784288883,0.01100431103259325
L2H8,9,0.020803162828087807,0.021529491990804672,-0.0007263286388479173,0.03297490254044533,0.05347982794046402,0.05975695326924324
L2H8,10,0.013351354748010635,0.014716018922626972,-0.001364664058201015,0.025770315900444984,0.04134724289178848,0.044190265238285065
L2H8,11,0.008465331047773361,0.009900929406285286,-0.0014355970779433846,0.023927686735987663,0.03401364013552666,0.03673992678523064
L2H8,12,0.010555125772953033,0.017513565719127655,-0.006958439946174622,0.026859546080231667,0.041653551161289215,0.04474242031574249
L2H8,13,0.030464623123407364,0.04272664338350296,-0.012262027710676193,0.036951422691345215,0.06069387122988701,0.059729039669036865
L2H9,0,-0.11081086844205856,-0.07348912209272385,-0.03732173889875412,0.0840768963098526,0.06723139435052872,0.09546858817338943
L2H9,1,-0.10019264370203018,-0.06443251669406891,-0.03576013073325157,0.09024515748023987,0.0772988423705101,0.11003909260034561
L2H9,2,-0.11754965037107468,-0.06494331359863281,-0.052606333047151566,0.13093267381191254,0.09512922167778015,0.13470695912837982
L2H9,3,-0.06996369361877441,-0.042924992740154266,-0.027038704603910446,0.0766916424036026,0.06056249886751175,0.0873614251613617
L2H9,4,-0.07788550108671188,-0.0519041046500206,-0.025981398299336433,0.07840298861265182,0.060155097395181656,0.08104275166988373
L2H9,5,-0.06411956250667572,-0.03633366897702217,-0.027785899117588997,0.0749283954501152,0.05300445109605789,0.07445583492517471
L2H9,6,-0.08775391429662704,-0.04695529863238335,-0.0407986119389534,0.08843846619129181,0.070085309445858,0.08776053786277771
L2H9,7,-0.06310570240020752,-0.02623162232339382,-0.03687407821416855,0.06839855015277863,0.056411173194646835,0.06643681973218918
L2H9,8,0.00021090952213853598,0.00015577785961795598,5.513174619409256e-05,0.01152691151946783,0.012844105251133442,0.010398423299193382
L2H9,9,-0.09384486079216003,-0.05747999623417854,-0.03636486455798149,0.07996843755245209,0.068592369556427,0.08526299148797989
L2H9,10,-0.065700002014637,-0.0399089939892292,-0.025791000574827194,0.06605428457260132,0.056804023683071136,0.07316423952579498
L2H9,11,-0.0472148098051548,-0.03115857206285,-0.016056234017014503,0.050201166421175,0.04578639566898346,0.05926597863435745
L2H9,12,-0.06035622954368591,-0.045365024358034134,-0.014991209842264652,0.06179831922054291,0.05646764487028122,0.0686350166797638
L2H9,13,-0.055152516812086105,-0.035273537039756775,-0.019878974184393883,0.06418194621801376,0.05667397752404213,0.06979405879974365
L2H10,0,-0.04050794988870621,-0.01103548426181078,-0.029472464695572853,0.045826543122529984,0.05647319182753563,0.07679857313632965
L2H10,1,-0.04650575667619705,-0.013698295690119267,-0.03280745819211006,0.05357784405350685,0.07215721160173416,0.0924845039844513
L2H10,2,-0.055228982120752335,-0.011124084703624249,-0.04410489648580551,0.07491366565227509,0.09439179301261902,0.12142276018857956
L2H10,3,-0.03585788235068321,-0.013259434141218662,-0.022598443552851677,0.05116278678178787,0.07327025383710861,0.09356527030467987
L2H10,4,-0.0288026574999094,-0.008765156380832195,-0.02003750205039978,0.05301675200462341,0.06385988742113113,0.0874873623251915
L2H10,5,-0.03181568905711174,-0.013056732714176178,-0.018758954480290413,0.0571584478020668,0.06383705884218216,0.08864746242761612
L2H10,6,-0.04217470809817314,-0.026310037821531296,-0.015864670276641846,0.06241492182016373,0.07881522178649902,0.1005721315741539
L2H10,7,-0.03577764704823494,-0.020937273278832436,-0.014840376563370228,0.05029572546482086,0.06289949268102646,0.08250077813863754
L2H10,8,-0.0024700139183551073,-0.001700356020592153,-0.0007696577813476324,0.013615532778203487,0.013764072209596634,0.014583737589418888
L2H10,9,-0.05776704475283623,-0.03761287406086922,-0.02015416882932186,0.06200239434838295,0.07580835372209549,0.10195409506559372
L2H10,10,-0.05487217381596565,-0.03912902995944023,-0.015743138268589973,0.05818718299269676,0.06911329925060272,0.090427465736866
L2H10,11,-0.054796889424324036,-0.044203728437423706,-0.010593153536319733,0.048412617295980453,0.06133918836712837,0.08050255477428436
L2H10,12,-0.05688438192009926,-0.043089400976896286,-0.013794985599815845,0.06252260506153107,0.06814176589250565,0.09514806419610977
L2H10,13,-0.07925073802471161,-0.06268329173326492,-0.016567442566156387,0.07384422421455383,0.07695090025663376,0.11010504513978958
L2H11,0,-0.008193038403987885,-0.008985248394310474,0.0007922103977762163,0.011778704822063446,0.015776222571730614,0.018770156428217888
L2H11,1,-0.010049776174128056,-0.004654500633478165,-0.0053952764719724655,0.037136320024728775,0.04161018133163452,0.04970186576247215
L2H11,2,-0.012061011046171188,-0.0006282018148340285,-0.011432806961238384,0.04877191036939621,0.05738687142729759,0.07114627212285995
L2H11,3,-0.004982825834304094,0.003250974928960204,-0.008233800530433655,0.03941619396209717,0.04790069907903671,0.05875319987535477
L2H11,4,-0.004651957657188177,0.00270847138017416,-0.00736042857170105,0.035770393908023834,0.046599067747592926,0.05518970638513565
L2H11,5,-0.0005185925983823836,0.0063141463324427605,-0.0068327393382787704,0.035373933613300323,0.04748910665512085,0.055107854306697845
L2H11,6,-0.00028144620591774583,0.006777097471058369,-0.0070585450157523155,0.04770664498209953,0.06324897706508636,0.07249612361192703
L2H11,7,-0.0002542466972954571,0.005647588521242142,-0.005901836324483156,0.03648952394723892,0.045565515756607056,0.05356135591864586
L2H11,8,0.0011469463352113962,-0.0003647120320238173,0.0015116584254428744,0.006834838073700666,0.010592097416520119,0.0135098397731781
L2H11,9,-0.001986537128686905,0.0057224128395318985,-0.007708949502557516,0.04575459286570549,0.05836604908108711,0.06858638674020767
L2H11,10,-0.0008635433623567224,0.0061141871847212315,-0.006977731361985207,0.04223606362938881,0.05113080143928528,0.06319086253643036
L2H11,11,0.0011944263242185116,0.005513310432434082,-0.0043188841082155704,0.03666536137461662,0.045953456312417984,0.054411523044109344
L2H11,12,0.0002845805138349533,0.0037204292602837086,-0.0034358494449406862,0.04182024672627449,0.05004102364182472,0.05961554870009422
L2H11,13,0.0052595860324800014,0.007550038397312164,-0.0022904525976628065,0.04133941978216171,0.05587245523929596,0.06481660902500153
L3H0,0,0.006164265796542168,-0.00010579310765024275,0.006270057056099176,0.02769799716770649,0.04423312097787857,0.03988262265920639
L3H0,1,0.0028860843740403652,-0.0048215193673968315,0.007707602810114622,0.027800796553492546,0.04382036626338959,0.042418427765369415
L3H0,2,0.001713316305540502,-0.007142173126339912,0.008855489082634449,0.027631795033812523,0.04740685969591141,0.04384667053818703
L3H0,3,0.005854045040905476,0.00134145503398031,0.004512588493525982,0.02295125648379326,0.03546158969402313,0.03364311531186104
L3H0,4,0.004628568887710571,0.0019449567189440131,0.0026836120523512363,0.021944429725408554,0.036068983376026154,0.031466927379369736
L3H0,5,0.005624001380056143,0.0009456199477426708,0.00467838067561388,0.020114239305257797,0.03191520273685455,0.02873164974153042
L3H0,6,0.00853272620588541,0.008105260320007801,0.000427466060500592,0.0269820224493742,0.04091426730155945,0.03760617971420288
L3H0,7,0.0038726842030882835,-0.00012560462346300483,0.003998288419097662,0.019821355119347572,0.03195927292108536,0.0286362674087286
L3H0,8,-0.00044388382229954004,-0.0004899958148598671,4.6112076233839616e-05,0.0055154841393232346,0.008419857360422611,0.00958934798836708
L3H0,9,-0.020415615290403366,-0.025393938645720482,0.004978322423994541,0.06066473200917244,0.07210931926965714,0.08270230144262314
L3H0,10,-0.008099301718175411,-0.004596262704581022,-0.003503039013594389,0.0532386414706707,0.06054712459445,0.06440601497888565
L3H0,11,0.006834112107753754,0.011804245412349701,-0.0049701351672410965,0.05451580137014389,0.06136395409703255,0.0743451938033104
L3H0,12,0.0024487092159688473,0.006772761698812246,-0.004324052948504686,0.028386935591697693,0.04702523350715637,0.04170946404337883
L3H0,13,0.013536252081394196,0.010496504604816437,0.0030397470109164715,0.02509012445807457,0.03996144235134125,0.03602860867977142
L3H1,0,0.01545744389295578,0.021370263770222664,-0.005912818014621735,0.02186841331422329,0.03166276589035988,0.032913606613874435
L3H1,1,0.05030754208564758,0.03936058655381203,0.010946955531835556,0.03549507260322571,0.035911962389945984,0.035033080726861954
L3H1,2,0.0618174709379673,0.044091593474149704,0.017725886777043343,0.056393157690763474,0.05038953199982643,0.045020218938589096
L3H1,3,0.0531555637717247,0.03590516373515129,0.01725040376186371,0.042039964348077774,0.03646596893668175,0.03487755358219147
L3H1,4,0.04559590294957161,0.031660012900829315,0.01393588725477457,0.03459107503294945,0.031200703233480453,0.034092891961336136
L3H1,5,0.03012177348136902,0.02251064032316208,0.007611132226884365,0.023884698748588562,0.02562021091580391,0.028071371838450432
L3H1,6,0.03226971998810768,0.02618175558745861,0.006087965797632933,0.03221694007515907,0.03549720719456673,0.03912755101919174
L3H1,7,0.05605704337358475,0.03854070231318474,0.01751633733510971,0.04005851596593857,0.03396293520927429,0.03792295604944229
L3H1,8,0.0006420666468329728,0.000512672180775553,0.00012939449516125023,0.004381235223263502,0.005273753311485052,0.006447125226259232
L3H1,9,0.054434213787317276,0.04403364658355713,0.010400566272437572,0.033704694360494614,0.03769815340638161,0.039852410554885864
L3H1,10,0.044738367199897766,0.03583090007305145,0.008907466195523739,0.03224162384867668,0.03519599139690399,0.034858085215091705
L3H1,11,0.04066339135169983,0.032638952136039734,0.008024442009627819,0.026092197746038437,0.031451158225536346,0.03279652073979378
L3H1,12,0.04232801869511604,0.03453037515282631,0.007797645404934883,0.026585763320326805,0.033048029989004135,0.034202419221401215
L3H1,13,0.033597905188798904,0.02645738236606121,0.0071405209600925446,0.02285217121243477,0.025296762585639954,0.02739180065691471
L3H2,0,0.06533453613519669,0.04359840229153633,0.021736133843660355,0.053553272038698196,0.03149329870939255,0.048038315027952194
L3H2,1,0.05428958684206009,0.033042699098587036,0.021246882155537605,0.06461518257856369,0.04323878884315491,0.05897141247987747
L3H2,2,0.10627062618732452,0.07151445746421814,0.03475615754723549,0.100297711789608,0.071024090051651,0.0652080625295639
L3H2,3,0.0687790960073471,0.04923093691468239,0.019548164680600166,0.05098903551697731,0.0427185520529747,0.05249342694878578
L3H2,4,0.04228106886148453,0.03051244094967842,0.011768631637096405,0.03769567981362343,0.029442429542541504,0.0419873408973217
L3H2,5,0.055182721465826035,0.037398092448711395,0.01778463087975979,0.03848946467041969,0.03135618194937706,0.04422673210501671
L3H2,6,0.08250728249549866,0.06400075554847717,0.018506530672311783,0.06629585474729538,0.0504927858710289,0.06062399223446846
L3H2,7,0.046617064625024796,0.03683476150035858,0.009782301262021065,0.03579740226268768,0.02472471073269844,0.04055875539779663
L3H2,8,0.0008601979352533817,0.0012607405660673976,-0.0004005426017101854,0.005224460735917091,0.007852576673030853,0.005856672767549753
L3H2,9,0.059241220355033875,0.04272496700286865,0.01651625707745552,0.04868161305785179,0.03216554969549179,0.04713202640414238
L3H2,10,0.06064000725746155,0.03758873790502548,0.023051269352436066,0.048217542469501495,0.03455783799290657,0.04278505966067314
L3H2,11,0.05597186088562012,0.03998260945081711,0.01598925143480301,0.0341874361038208,0.029723089188337326,0.040572989732027054
L3H2,12,0.0434599332511425,0.03406456112861633,0.00939537025988102,0.03498050197958946,0.029245082288980484,0.0425819531083107
L3H2,13,0.06400244683027267,0.05124521628022194,0.012757223099470139,0.04155571013689041,0.03185321390628815,0.04387497529387474
L3H3,0,-0.017026139423251152,-0.0021583817433565855,-0.014867755584418774,0.01942260190844536,0.02356719970703125,0.032071854919195175
L3H3,1,0.017920060083270073,0.00828989502042532,0.009630165062844753,0.032427456229925156,0.03564326465129852,0.043060023337602615
L3H3,2,-0.03513244166970253,-0.032508548349142075,-0.002623896114528179,0.07744377106428146,0.08374711126089096,0.07523540407419205
L3H3,3,-0.003952623810619116,-0.0047133732587099075,0.0007607470033690333,0.06074473634362221,0.06477003544569016,0.07013145089149475
L3H3,4,0.010543826036155224,0.014129139482975006,-0.0035853125154972076,0.01528864074498415,0.018990004435181618,0.0201832614839077
L3H3,5,0.04769498482346535,0.04941567778587341,-0.001720692147500813,0.03644261136651039,0.05332836136221886,0.05142264813184738
L3H3,6,0.023386577144265175,0.02607380412518978,-0.0026872283779084682,0.015726406127214432,0.021271584555506706,0.023861277848482132
L3H3,7,0.009026264771819115,0.012935936450958252,-0.003909670747816563,0.008857897482812405,0.01353622879832983,0.015768900513648987
L3H3,8,0.0012479361612349749,0.0012463286984711885,1.6074989162007114e-06,0.005887647159397602,0.007133204489946365,0.005532546900212765
L3H3,9,0.009724089875817299,0.012949556112289429,-0.003225466934964061,0.014048774726688862,0.021702835336327553,0.02550516463816166
L3H3,10,-0.009580583311617374,-0.009761439636349678,0.00018085665942635387,0.036683812737464905,0.046328745782375336,0.045939020812511444
L3H3,11,0.005097073502838612,0.004661055281758308,0.0004360178718343377,0.03433236479759216,0.036488354206085205,0.04077957570552826
L3H3,12,0.012264112010598183,0.014925970695912838,-0.002661860780790448,0.014555584639310837,0.017336931079626083,0.01894291490316391
L3H3,13,0.055017389357089996,0.0592532642185688,-0.004235877189785242,0.030416762456297874,0.045499883592128754,0.044868212193250656
L3H4,0,-0.016359621658921242,0.006384766660630703,-0.02274438738822937,0.03766988217830658,0.056132711470127106,0.059227123856544495
L3H4,1,-0.010127430781722069,0.010258273221552372,-0.020385703071951866,0.035750411450862885,0.054827865213155746,0.05854063481092453
L3H4,2,-0.01096908189356327,0.01571720466017723,-0.02668628841638565,0.03524037078022957,0.06131249666213989,0.06580622494220734
L3H4,3,-0.008556818589568138,0.005159768275916576,-0.013716587796807289,0.0280354805290699,0.04510585963726044,0.04568092152476311
L3H4,4,-0.01187865249812603,0.004030335228890181,-0.01590898633003235,0.026361951604485512,0.04234485328197479,0.0425882525742054
L3H4,5,-0.01152354571968317,0.0038696140982210636,-0.015393160283565521,0.025580858811736107,0.03869378939270973,0.04067501053214073
L3H4,6,0.0016017281450331211,0.0055516124702990055,-0.003949885256588459,0.03858569264411926,0.05229419097304344,0.05343496426939964
L3H4,7,-0.010601263493299484,0.004514439031481743,-0.015115700662136078,0.026138117536902428,0.04174644500017166,0.04384754225611687
L3H4,8,-0.00033882312709465623,0.00013027893146499991,-0.00046910205855965614,0.004931343253701925,0.00662728538736701,0.008150758221745491
L3H4,9,0.0032210503704845905,0.012602516449987888,-0.009381468407809734,0.033663902431726456,0.05382068455219269,0.05195550248026848
L3H4,10,0.0033526751212775707,0.010573243722319603,-0.0072205690667033195,0.029490793123841286,0.04471426457166672,0.04246561601758003
L3H4,11,0.009891131892800331,0.008012212812900543,0.0018789201276376843,0.03005802072584629,0.04283006861805916,0.04185286909341812
L3H4,12,-0.006991865579038858,0.006097814999520779,-0.01308968011289835,0.027468940243124962,0.043908264487981796,0.04579581320285797
L3H4,13,-0.005469699390232563,0.008296995423734188,-0.013766693882644176,0.02744605764746666,0.042441003024578094,0.0446319617331028
L3H5,0,0.006885511334985495,-0.0008955575758591294,0.007781068794429302,0.0096501549705863,0.010026724077761173,0.01336266566067934
L3H5,1,0.012276671826839447,0.014055952429771423,-0.0017792802536860108,0.021491527557373047,0.02511962316930294,0.03220411390066147
L3H5,2,0.011186436749994755,0.011689788661897182,-0.0005033521447330713,0.019391436129808426,0.022446313872933388,0.02898247539997101
L3H5,3,0.013552493415772915,0.015824971720576286,-0.0022724790032953024,0.02019978128373623,0.021922999992966652,0.02779497765004635
L3H5,4,0.035874348133802414,0.0327928327023983,0.00308151519857347,0.037695690989494324,0.03637167066335678,0.03627054765820503
L3H5,5,0.04092686250805855,0.028853554278612137,0.01207331195473671,0.031321316957473755,0.031131740659475327,0.03169204667210579
L3H5,6,0.06001872569322586,0.052703265100717545,0.007315463852137327,0.042065784335136414,0.04251154139637947,0.04181785508990288
L3H5,7,0.07649970054626465,0.06127041205763817,0.01522929035127163,0.04686528816819191,0.04941350221633911,0.0481538325548172
L3H5,8,0.0028008336666971445,0.0014351753052324057,0.0013656583614647388,0.014888426288962364,0.01188507117331028,0.015511861070990562
L3H5,9,0.0526089183986187,0.044398266822099686,0.008210652507841587,0.040106650441884995,0.04099996015429497,0.04253454506397247
L3H5,10,0.03462635725736618,0.029155634343624115,0.005470720119774342,0.030424315482378006,0.028684869408607483,0.0284825898706913
L3H5,11,0.037047579884529114,0.0317002609372139,0.00534732174128294,0.02519679255783558,0.027178822085261345,0.02719573676586151
L3H5,12,0.05070437490940094,0.04206350818276405,0.008640867657959461,0.04602186009287834,0.04204694554209709,0.030476754531264305
L3H5,13,0.05367659777402878,0.038614943623542786,0.015061652287840843,0.031260356307029724,0.03345062956213951,0.03194904699921608
L3H6,0,-0.030058274045586586,-0.020606597885489464,-0.009451676160097122,0.03434359282255173,0.036363329738378525,0.04202894866466522
L3H6,1,-0.015582366846501827,-0.010647531598806381,-0.004934835713356733,0.039068181067705154,0.047220002859830856,0.04960691183805466
L3H6,2,-0.0021037517581135035,-0.005777440033853054,0.0036736896727234125,0.04859022796154022,0.06299060583114624,0.06053740903735161
L3H6,3,-0.0095860930159688,-0.0031177708879113197,-0.006468322593718767,0.041891489177942276,0.04396660253405571,0.04788341373205185
L3H6,4,-0.009876841679215431,-0.003016490489244461,-0.0068603502586483955,0.03349700942635536,0.03468850255012512,0.038193974643945694
L3H6,5,-0.01316879689693451,-0.010856060311198235,-0.0023127368185669184,0.030009889975190163,0.03530962020158768,0.036852750927209854
L3H6,6,-0.013466278091073036,-0.006047644652426243,-0.007418633438646793,0.03841446340084076,0.039330095052719116,0.044040653854608536
L3H6,7,-0.01258393470197916,-0.004283148329705,-0.008300786837935448,0.03175509348511696,0.031240224838256836,0.035838525742292404
L3H6,8,-0.0009563580388203263,0.00020605670579243451,-0.0011624147882685065,0.008881227113306522,0.009385662153363228,0.012989829294383526
L3H6,9,-0.024438558146357536,-0.024281859397888184,-0.00015669646381866187,0.03854342922568321,0.044268328696489334,0.04419976472854614
L3H6,10,-0.011959332972764969,-0.017406826838850975,0.00544749666005373,0.036837413907051086,0.0446060411632061,0.042260076850652695
L3H6,11,-0.012417349964380264,-0.013002830557525158,0.0005854807677678764,0.035468939691782,0.03519805893301964,0.03648548573255539
L3H6,12,-0.013584156520664692,-0.012157689779996872,-0.0014264695346355438,0.03545139729976654,0.03597541153430939,0.03746095299720764
L3H6,13,-0.02026393823325634,-0.021735088899731636,0.0014711531111970544,0.03209371864795685,0.0399097315967083,0.03956348076462746
L3H7,0,-0.06613361835479736,-0.05352093651890755,-0.012612692080438137,0.029072267934679985,0.03536137565970421,0.041906509548425674
L3H7,1,-0.05535200610756874,-0.04875515028834343,-0.006596855353564024,0.034983180463314056,0.04650456830859184,0.054247695952653885
L3H7,2,-0.07757192850112915,-0.06096307188272476,-0.016608858481049538,0.0722443163394928,0.07046547532081604,0.08339294791221619
L3H7,3,-0.04901387542486191,-0.048003003001213074,-0.001010871259495616,0.040659211575984955,0.04828128218650818,0.05098689720034599
L3H7,4,-0.05257426202297211,-0.05153818428516388,-0.0010360697051510215,0.037773992866277695,0.04494490101933479,0.047172557562589645
L3H7,5,-0.026949666440486908,-0.019347574561834335,-0.007602094206959009,0.03912951052188873,0.04564301669597626,0.05346040800213814
L3H7,6,-0.051011886447668076,-0.03815462812781334,-0.012857257388532162,0.03470023348927498,0.04719531908631325,0.05126231163740158
L3H7,7,-0.030080923810601234,-0.014776617288589478,-0.015304307453334332,0.03241107985377312,0.03702618554234505,0.04252028092741966
L3H7,8,0.0002578359853941947,-0.0007113911560736597,0.0009692272287793458,0.006508233956992626,0.006941341795027256,0.009918378666043282
L3H7,9,-0.06834708899259567,-0.056767188012599945,-0.011579902842640877,0.03588402271270752,0.04476776346564293,0.047191012650728226
L3H7,10,-0.04426414892077446,-0.03826159983873367,-0.0060025486163794994,0.03833996132016182,0.0419713594019413,0.04987160116434097
L3H7,11,-0.03314700722694397,-0.0348857156932354,0.0017387074185535312,0.023905111476778984,0.032246872782707214,0.03595873340964317
L3H7,12,-0.03968937322497368,-0.04346169903874397,0.0037723251152783632,0.02877054549753666,0.03971775248646736,0.04294988512992859
L3H7,13,-0.03224317356944084,-0.028827587142586708,-0.003415582701563835,0.03451090306043625,0.046519361436367035,0.05283745378255844
L3H8,0,0.03808549419045448,0.020738203078508377,0.017347296699881554,0.026195887476205826,0.0385911799967289,0.045046769082546234
L3H8,1,0.01241515763103962,-0.00578810041770339,0.018203258514404297,0.04571916162967682,0.047381844371557236,0.05600253492593765
L3H8,2,0.022350821644067764,-0.0031952320132404566,0.025546053424477577,0.04015427082777023,0.051166512072086334,0.06054850295186043
L3H8,3,0.023735230788588524,0.002616527024656534,0.021118702366948128,0.03346338868141174,0.03709978610277176,0.04482322186231613
L3H8,4,0.017723772674798965,0.0018551753601059318,0.015868598595261574,0.029092106968164444,0.03293883427977562,0.037254877388477325
L3H8,5,0.023705000057816505,0.0026332999113947153,0.021071700379252434,0.032493505626916885,0.03416723385453224,0.03864988312125206
L3H8,6,0.051267921924591064,0.021925346925854683,0.02934258244931698,0.03948726877570152,0.03964685648679733,0.050651393830776215
L3H8,7,0.04018617048859596,0.01584712788462639,0.024339040741324425,0.03077513538300991,0.0272678155452013,0.03861945867538452
L3H8,8,0.0006785564473830163,0.00032176225795410573,0.00035679421853274107,0.006189919076859951,0.0076447343453764915,0.007799575570970774
L3H8,9,0.05483980104327202,0.02661418542265892,0.028225615620613098,0.042083099484443665,0.03608473390340805,0.050183285027742386
L3H8,10,0.03946957364678383,0.014285656623542309,0.025183917954564095,0.038058966398239136,0.028181811794638634,0.04307541996240616
L3H8,11,0.029738934710621834,0.008314878679811954,0.021424060687422752,0.025600416585803032,0.025279514491558075,0.03388606756925583
L3H8,12,0.02535681240260601,0.007747034542262554,0.01760977692902088,0.026021655648946762,0.028322739526629448,0.03387017920613289
L3H8,13,0.03173085302114487,0.004651573020964861,0.027079278603196144,0.03456937149167061,0.033404406160116196,0.04278654605150223
L3H9,0,-0.029242200776934624,-0.024288982152938843,-0.004953216761350632,0.017053887248039246,0.02153806760907173,0.025809776037931442
L3H9,1,-0.026695502921938896,-0.02461148239672184,-0.002084022620692849,0.025393884629011154,0.02787630259990692,0.03181357681751251
L3H9,2,-0.022514445707201958,-0.021272091194987297,-0.0012423546286299825,0.03834082931280136,0.03905268758535385,0.03947571665048599
L3H9,3,-0.01614787057042122,-0.014732416719198227,-0.0014154529199004173,0.0231501255184412,0.025889381766319275,0.030360419303178787
L3H9,4,-0.002679743804037571,0.0022689609322696924,-0.00494870450347662,0.024079468101263046,0.027034291997551918,0.027740852907299995
L3H9,5,0.030542641878128052,0.03385860472917557,-0.0033159616868942976,0.03467819094657898,0.041909534484148026,0.03609541431069374
L3H9,6,0.015075623989105225,0.024192722514271736,-0.009117094799876213,0.028593799099326134,0.03486071154475212,0.03549964353442192
L3H9,7,-0.010161878541111946,-0.005847185850143433,-0.0043146926909685135,0.020139483734965324,0.022399721667170525,0.024622496217489243
L3H9,8,0.0003796917444560677,0.0001291680964641273,0.00025052367709577084,0.005293483845889568,0.005200133193284273,0.006256666034460068
L3H9,9,-0.020449046045541763,-0.018588505685329437,-0.001860537682659924,0.021467698737978935,0.024573737755417824,0.028874006122350693
L3H9,10,-0.010552715510129929,-0.01217849925160408,0.0016257843235507607,0.021199161186814308,0.023343125358223915,0.027462411671876907
L3H9,11,-0.013835073448717594,-0.012686802074313164,-0.0011482700938358903,0.01538761705160141,0.01860269531607628,0.021595848724246025
L3H9,12,-0.015279904007911682,-0.00930098257958889,-0.005978923756629229,0.020025737583637238,0.02307046949863434,0.024627557024359703
L3H9,13,0.008804918266832829,0.01544086541980505,-0.006635948084294796,0.0339067205786705,0.03505802899599075,0.03158656135201454
L3H10,0,-0.01051333174109459,-0.015889905393123627,0.005376574117690325,0.020220434293150902,0.02709871716797352,0.031506117433309555
L3H10,1,-0.027740512043237686,-0.025824805721640587,-0.0019157064380124211,0.027237480506300926,0.03402123600244522,0.037034861743450165
L3H10,2,-0.04499271512031555,-0.032630253583192825,-0.012362463399767876,0.04102348908782005,0.053742341697216034,0.053241193294525146
L3H10,3,-0.03316068649291992,-0.021884923800826073,-0.011275763623416424,0.0338929183781147,0.044812653213739395,0.046582140028476715
L3H10,4,-0.02889024280011654,-0.019723618403077126,-0.009166625328361988,0.023623265326023102,0.03360414505004883,0.035096652805805206
L3H10,5,-0.029571404680609703,-0.01612088270485401,-0.013450520113110542,0.03271206468343735,0.04372115805745125,0.04293465614318848
L3H10,6,-0.07240362465381622,-0.053732410073280334,-0.01867120899260044,0.04813065752387047,0.05801239609718323,0.06796888262033463
L3H10,7,-0.05151262879371643,-0.03617217019200325,-0.015340457670390606,0.02877044305205345,0.037700507789850235,0.04223516583442688
L3H10,8,-0.00316663202829659,-0.0033715316094458103,0.0002048993483185768,0.01394147053360939,0.015027478337287903,0.006469338666647673
L3H10,9,-0.06844101846218109,-0.0428927056491375,-0.025548312813043594,0.04470837861299515,0.053334906697273254,0.059928327798843384
L3H10,10,-0.059364546090364456,-0.03071407787501812,-0.02865046262741089,0.04736652597784996,0.048128023743629456,0.05458300560712814
L3H10,11,-0.061088014394044876,-0.034441329538822174,-0.026646681129932404,0.037269677966833115,0.04575853794813156,0.04880137741565704
L3H10,12,-0.062294766306877136,-0.03897836431860924,-0.023316392675042152,0.03840238228440285,0.04723908752202988,0.04870877042412758
L3H10,13,-0.06307122111320496,-0.03969204053282738,-0.023379188030958176,0.03239666670560837,0.045889776200056076,0.049284741282463074
L3H11,0,0.029808109626173973,0.039054833352565765,-0.00924671906977892,0.03570813685655594,0.04080411046743393,0.05282357335090637
L3H11,1,0.026207739487290382,0.03917630761861801,-0.012968562543392181,0.049945659935474396,0.05233311280608177,0.06388185918331146
L3H11,2,0.02138359844684601,0.02710767835378647,-0.005724079441279173,0.05810140445828438,0.062029607594013214,0.0705818235874176
L3H11,3,0.023105494678020477,0.02570343017578125,-0.002597933169454336,0.03792821243405342,0.04172353819012642,0.04936665669083595
L3H11,4,0.02980826608836651,0.03316650167107582,-0.003358229761943221,0.029986688867211342,0.035562288016080856,0.04258624091744423
L3H11,5,0.029810713604092598,0.03513886034488678,-0.005328147206455469,0.030103780329227448,0.037092193961143494,0.03974711522459984
L3H11,6,0.03829390928149223,0.05348619446158409,-0.015192276798188686,0.036273498088121414,0.04344699904322624,0.052256740629673004
L3H11,7,0.03189682960510254,0.043589286506175995,-0.01169245783239603,0.03398950397968292,0.037998128682374954,0.04614477604627609
L3H11,8,7.591903704451397e-05,0.0013620859244838357,-0.0012861668365076184,0.00398674001917243,0.008235570043325424,0.008853388950228691
L3H11,9,0.029211323708295822,0.04072383791208267,-0.011512515135109425,0.04137970507144928,0.04766928032040596,0.058416616171598434
L3H11,10,0.02452864870429039,0.029311848804354668,-0.004783204291015863,0.03748130425810814,0.03921400383114815,0.04608136788010597
L3H11,11,0.024143913760781288,0.03071531280875206,-0.006571399979293346,0.02894340083003044,0.033209510147571564,0.03986767679452896
L3H11,12,0.029333189129829407,0.03383510187268257,-0.004501911345869303,0.033570729196071625,0.03865339607000351,0.04534232243895531
L3H11,13,0.029866071417927742,0.043325867503881454,-0.01345979142934084,0.03510518744587898,0.03978839889168739,0.046035412698984146
L4H0,0,-0.002214849693700671,0.0034465701319277287,-0.005661420524120331,0.017684921622276306,0.018417419865727425,0.021092476323246956
L4H0,1,0.006716633215546608,0.006244570482522249,0.00047206308227032423,0.024309126660227776,0.025447921827435493,0.023614447563886642
L4H0,2,0.016303306445479393,-0.00795075111091137,0.02425405941903591,0.056593023240566254,0.055698491632938385,0.07300571352243423
L4H0,3,0.004077986814081669,0.0033903310541063547,0.0006876564584672451,0.023763135075569153,0.02954263985157013,0.027328457683324814
L4H0,4,0.004214391577988863,0.007814512588083744,-0.0036001219414174557,0.019385116174817085,0.02276047319173813,0.023504551500082016
L4H0,5,0.02076459862291813,0.027201198041439056,-0.006436600349843502,0.04081326350569725,0.05201657488942146,0.0392778106033802
L4H0,6,0.02849188819527626,0.05079210549592972,-0.022300221025943756,0.039572279900312424,0.05081848427653313,0.049994103610515594
L4H0,7,0.016051117330789566,0.02773621305823326,-0.011685093864798546,0.017177743837237358,0.023297976702451706,0.023074844852089882
L4H0,8,0.00021489261416718364,0.0006563604692928493,-0.0004414679133333266,0.00406226608902216,0.003808479057624936,0.0047503686510026455
L4H0,9,0.0139342425391078,0.014113985002040863,-0.00017974121146835387,0.01865982823073864,0.020708635449409485,0.02056066133081913
L4H0,10,0.012659628875553608,0.007711631245911121,0.004947996232658625,0.02219099923968315,0.022320963442325592,0.024228079244494438
L4H0,11,0.009356345050036907,0.010154388844966888,-0.0007980438531376421,0.0145533736795187,0.017310820519924164,0.017922159284353256
L4H0,12,0.005297910887748003,0.010006670840084553,-0.00470875995233655,0.013361168093979359,0.015885213389992714,0.018906431272625923
L4H0,13,0.021472714841365814,0.03326527774333954,-0.011792565695941448,0.0330420657992363,0.03822534903883934,0.03621597960591316
L4H1,0,0.02073015831410885,0.011337312869727612,0.009392848238348961,0.015397701412439346,0.02296171709895134,0.025296088308095932
L4H1,1,0.03623903915286064,0.020547930151224136,0.015691109001636505,0.029734907671809196,0.03431353345513344,0.04259108379483223
L4H1,2,0.04022330418229103,0.025340799242258072,0.014882511459290981,0.039688486605882645,0.04210544377565384,0.046111516654491425
L4H1,3,0.027102848514914513,0.017145447432994843,0.009957397356629372,0.025268109515309334,0.029886184260249138,0.03425787761807442
L4H1,4,0.020246043801307678,0.012240211479365826,0.008005835115909576,0.01821879670023918,0.02101362869143486,0.024599900469183922
L4H1,5,0.03706895932555199,0.027189696207642555,0.009879262186586857,0.03284720703959465,0.02942577190697193,0.029197731986641884
L4H1,6,0.044890306890010834,0.03425087034702301,0.010639441199600697,0.03416774049401283,0.030977994203567505,0.03356418386101723
L4H1,7,0.01917354017496109,0.013521081767976284,0.005652459803968668,0.01497860811650753,0.018496284261345863,0.020869055762887
L4H1,8,0.001336974441073835,0.0015814529033377767,-0.0002444783749524504,0.007343083154410124,0.008367792703211308,0.006935134530067444
L4H1,9,0.03123634308576584,0.02389528788626194,0.007341054733842611,0.02785618044435978,0.03458848595619202,0.039864107966423035
L4H1,10,0.028623050078749657,0.019622793421149254,0.009000253863632679,0.0248124822974205,0.02963700331747532,0.030372556298971176
L4H1,11,0.025054696947336197,0.019877193495631218,0.005177501123398542,0.021204844117164612,0.02685621753334999,0.02827630750834942
L4H1,12,0.027932194992899895,0.021841011941432953,0.006091184914112091,0.023129595443606377,0.02756997011601925,0.031049882993102074
L4H1,13,0.04741080105304718,0.033687107264995575,0.013723696582019329,0.037375692278146744,0.03236402943730354,0.035112909972667694
L4H2,0,-0.007037801202386618,-0.0010026780655607581,-0.00603512255474925,0.019466837868094444,0.0207655169069767,0.022953471168875694
L4H2,1,0.015658998861908913,0.014665029011666775,0.000993969850242138,0.021934183314442635,0.029419127851724625,0.03221064805984497
L4H2,2,0.012673832476139069,0.01276297029107809,-8.91359377419576e-05,0.020304374396800995,0.029732612892985344,0.031389493495225906
L4H2,3,0.01037264708429575,0.008426790125668049,0.0019458573078736663,0.018278729170560837,0.022598382085561752,0.024990107864141464
L4H2,4,0.0053428406827151775,0.00958770141005516,-0.00424486119300127,0.021161478012800217,0.02292143739759922,0.027000436559319496
L4H2,5,0.00531258387491107,0.007952006533741951,-0.002639422658830881,0.021506227552890778,0.022877009585499763,0.022924523800611496
L4H2,6,0.011547696776688099,0.01353282667696476,-0.0019851289689540863,0.028107410296797752,0.029341259971261024,0.03369194269180298
L4H2,7,0.013136135414242744,0.019517792388796806,-0.0063816579058766365,0.025024740025401115,0.02751947194337845,0.032584596425294876
L4H2,8,0.0015397043898701668,0.0015316526405513287,8.051786608120892e-06,0.007960389368236065,0.007771349977701902,0.006751193664968014
L4H2,9,0.013487794436514378,0.023076681420207024,-0.009588886983692646,0.027584277093410492,0.031962811946868896,0.038531750440597534
L4H2,10,0.008731327019631863,0.016503822058439255,-0.0077724941074848175,0.019060734659433365,0.023257480934262276,0.026770606637001038
L4H2,11,0.011333532631397247,0.01604091003537178,-0.004707376938313246,0.02091710828244686,0.020439911633729935,0.023794762790203094
L4H2,12,0.0097732562571764,0.014695756137371063,-0.004922500811517239,0.02418706566095352,0.0241140965372324,0.02791045792400837
L4H2,13,0.007485475856810808,0.012412124313414097,-0.004926647525280714,0.02928895317018032,0.0295920018106699,0.030922450125217438
L4H3,0,-0.006717124488204718,-0.010216731578111649,0.003499607788398862,0.015041942708194256,0.020107949152588844,0.01954888552427292
L4H3,1,-0.004318433813750744,-0.0056387390941381454,0.0013203039998188615,0.019964106380939484,0.02843826822936535,0.03090190514922142
L4H3,2,0.0247025303542614,0.018097171559929848,0.0066053606569767,0.03618982061743736,0.03999998793005943,0.045866433531045914
L4H3,3,0.02533058449625969,0.02121431566774845,0.0041162725538015366,0.027103736996650696,0.03517869487404823,0.03711505979299545
L4H3,4,0.02526932954788208,0.018007827922701836,0.00726150069385767,0.031250983476638794,0.0329689085483551,0.038353778421878815
L4H3,5,0.022801682353019714,0.01808951608836651,0.004712165333330631,0.037010859698057175,0.037411607801914215,0.04613623023033142
L4H3,6,0.010203849524259567,0.01702551543712616,-0.006821667309850454,0.021081851795315742,0.02623462677001953,0.029035689309239388
L4H3,7,0.013252620585262775,0.021343374624848366,-0.008090754970908165,0.022972626611590385,0.024793943390250206,0.029980910941958427
L4H3,8,0.000771327584516257,0.0005324069643393159,0.00023892060562502593,0.0061413380317389965,0.006086153443902731,0.007315350230783224
L4H3,9,0.0019987355917692184,0.0011364971287548542,0.000862238637637347,0.0157318115234375,0.019273241981863976,0.021464629098773003
L4H3,10,0.01741550862789154,0.014889859594404697,0.002525647869333625,0.029068520292639732,0.03578563034534454,0.04168818145990372
L4H3,11,0.019661985337734222,0.017161384224891663,0.0025005985517054796,0.026593150570988655,0.034115444868803024,0.038634784519672394
L4H3,12,0.023909712210297585,0.018924564123153687,0.004985148087143898,0.03560330346226692,0.03822829946875572,0.04596749320626259
L4H3,13,0.02223072573542595,0.01590406894683838,0.006326654925942421,0.03915347531437874,0.0378873273730278,0.04726425185799599
L4H4,0,0.0018819891847670078,-0.004626862704753876,0.006508852820843458,0.019898170605301857,0.02207351289689541,0.02844579517841339
L4H4,1,-0.016362672671675682,-0.011050441302359104,-0.005312234163284302,0.04193845018744469,0.03457265719771385,0.03815551474690437
L4H4,2,-0.014423767104744911,-0.012265412136912346,-0.0021583528723567724,0.039474621415138245,0.04292633756995201,0.042770687490701675
L4H4,3,-0.006682488601654768,0.0035923500545322895,-0.010274838656187057,0.03799941763281822,0.041355498135089874,0.04296901822090149
L4H4,4,-0.00773738045245409,-0.008697565644979477,0.0009601829806342721,0.03450637310743332,0.028989586979150772,0.03328796476125717
L4H4,5,-0.013592508621513844,-0.014709063805639744,0.0011165530886501074,0.0317869670689106,0.028577450662851334,0.03635274991393089
L4H4,6,-0.0597451850771904,-0.07474178820848465,0.014996606856584549,0.05994744598865509,0.051798444241285324,0.054684657603502274
L4H4,7,-0.025518525391817093,-0.03233259171247482,0.0068140700459480286,0.04041494429111481,0.0341927669942379,0.03218596801161766
L4H4,8,-0.0017863897373899817,-0.001881175208836794,9.478555148234591e-05,0.009619222953915596,0.009117151610553265,0.006895877420902252
L4H4,9,-0.030375361442565918,-0.023269562050700188,-0.007105798926204443,0.042100075632333755,0.03854617476463318,0.0409228540956974
L4H4,10,-0.02368791401386261,-0.015784211456775665,-0.007903705351054668,0.04380999132990837,0.04482016712427139,0.04263073205947876
L4H4,11,-0.020845720544457436,-0.007756524253636599,-0.01308919582515955,0.05611184611916542,0.05153556540608406,0.04967039078474045
L4H4,12,-0.021535221487283707,-0.017669707536697388,-0.003865513252094388,0.058175086975097656,0.048506706953048706,0.041532695293426514
L4H4,13,-0.02846098318696022,-0.02893577329814434,0.0004747919738292694,0.03704318776726723,0.035303037613630295,0.04498141631484032
L4H5,0,-0.0029951788019388914,-0.0042315698228776455,0.001236391020938754,0.007936506532132626,0.014805189333856106,0.016071276739239693
L4H5,1,-0.016387958079576492,-0.017173534259200096,0.0007855775183998048,0.02010377310216427,0.021192654967308044,0.02165287919342518
L4H5,2,-0.019054656848311424,-0.02245589718222618,0.0034012384712696075,0.031313564628362656,0.0379268154501915,0.03969426080584526
L4H5,3,-0.015288208611309528,-0.018650732934474945,0.0033625252544879913,0.025507811456918716,0.02542703039944172,0.025917664170265198
L4H5,4,-0.005948237143456936,-0.007242733612656593,0.0012944979825988412,0.013985843397676945,0.01669163815677166,0.017396684736013412
L4H5,5,0.012766719795763493,0.00908519234508276,0.003681527217850089,0.030676260590553284,0.028176818042993546,0.02684287540614605
L4H5,6,0.002334204502403736,0.007627183571457863,-0.005292978603392839,0.03242546692490578,0.026956820860505104,0.031855907291173935
L4H5,7,0.0006845028838142753,0.004400989972054958,-0.0037164867389947176,0.020797619596123695,0.017950108274817467,0.021018140017986298
L4H5,8,0.00035582410055212677,0.00028625171398743987,6.957236473681405e-05,0.0036723604425787926,0.00422420771792531,0.004856944549828768
L4H5,9,-0.004364671651273966,-0.0037295925430953503,-0.0006350789917632937,0.012063800357282162,0.022220417857170105,0.02036079578101635
L4H5,10,-0.007273832336068153,-0.004894950892776251,-0.0023788809776306152,0.015945954248309135,0.022175416350364685,0.022380320355296135
L4H5,11,-0.006184850819408894,-0.006145016755908728,-3.9834056224208325e-05,0.016854962334036827,0.022007690742611885,0.020733457058668137
L4H5,12,-0.0032024576794356108,-0.0021800552494823933,-0.0010224024299532175,0.011814266443252563,0.017182234674692154,0.01695343293249607
L4H5,13,0.004904551897197962,0.007427311968058348,-0.002522760769352317,0.021796632558107376,0.02432611957192421,0.02274613082408905
L4H6,0,0.030955888330936432,0.018983595073223114,0.011972293257713318,0.030307160690426826,0.035418715327978134,0.04382696747779846
L4H6,1,0.06671017408370972,0.0644693598151207,0.0022408210206776857,0.04162679985165596,0.05280720815062523,0.048115041106939316
L4H6,2,0.05570165067911148,0.05205213651061058,0.0036495141685009003,0.04849725589156151,0.057853132486343384,0.04938731715083122
L4H6,3,0.02517368085682392,0.026105476543307304,-0.0009317952208220959,0.03395383059978485,0.04243645817041397,0.03901520371437073
L4H6,4,0.023543164134025574,0.017843903973698616,0.00569925969466567,0.02908838912844658,0.03722894564270973,0.0383833572268486
L4H6,5,0.022409778088331223,0.01125719677656889,0.011152580380439758,0.02681387960910797,0.02944839932024479,0.03370358422398567
L4H6,6,0.031006282195448875,0.021012626588344574,0.009993655607104301,0.03530007228255272,0.04133538529276848,0.045802801847457886
L4H6,7,0.033944591879844666,0.02334045246243477,0.010604143142700195,0.03976409137248993,0.04643114283680916,0.049418963491916656
L4H6,8,0.00016133465396706015,0.00039581875898875296,-0.0002344840468140319,0.00624814024195075,0.005131263751536608,0.008248272351920605
L4H6,9,0.039935220032930374,0.023055752739310265,0.01687946543097496,0.043727196753025055,0.04761156812310219,0.05486629158258438
L4H6,10,0.014394172467291355,0.002050998853519559,0.012343174777925014,0.033093199133872986,0.03530850261449814,0.04388149455189705
L4H6,11,0.003401466179639101,-0.006535946391522884,0.009937411174178123,0.0353594534099102,0.04044470936059952,0.046948425471782684
L4H6,12,0.011051547713577747,-0.00714958505704999,0.018201131373643875,0.036545801907777786,0.044982828199863434,0.052339471876621246
L4H6,13,0.017872285097837448,-0.008021775633096695,0.025894062593579292,0.04505166783928871,0.04730154573917389,0.0548672080039978
L4H7,0,-0.03928666189312935,-0.03064538538455963,-0.008641278371214867,0.04026693105697632,0.05138333886861801,0.061729878187179565
L4H7,1,-0.08186380565166473,-0.05938107147812843,-0.022482745349407196,0.05186903104186058,0.06490994244813919,0.07828893512487411
L4H7,2,-0.10973242670297623,-0.07894959300756454,-0.030782828107476234,0.08277752995491028,0.08382532000541687,0.09125176817178726
L4H7,3,-0.07460684329271317,-0.0548844151198864,-0.019722435623407364,0.05062275379896164,0.06565071642398834,0.07599231600761414
L4H7,4,-0.07419272512197495,-0.05097770318388939,-0.02321501076221466,0.04144822433590889,0.052553966641426086,0.06480783969163895
L4H7,5,-0.0688721090555191,-0.05491490662097931,-0.013957200571894646,0.04806525632739067,0.06047792732715607,0.07663857936859131
L4H7,6,-0.10598219186067581,-0.09620910882949829,-0.009773076511919498,0.052689407020807266,0.06305692344903946,0.08463852107524872
L4H7,7,-0.1015649065375328,-0.07797079533338547,-0.023594101890921593,0.05400114506483078,0.05372047796845436,0.07570134103298187
L4H7,8,-0.0043597533367574215,-0.002952784765511751,-0.0014069684548303485,0.019104674458503723,0.0156880933791399,0.01435837522149086
L4H7,9,-0.04865242540836334,-0.021921202540397644,-0.02673122100532055,0.04285189509391785,0.05296153947710991,0.06758232414722443
L4H7,10,-0.058244917541742325,-0.03320932388305664,-0.025035599246621132,0.05130047723650932,0.051825881004333496,0.06148549169301987
L4H7,11,-0.05000265687704086,-0.03180316835641861,-0.018199492245912552,0.03640728443861008,0.04793722927570343,0.054995838552713394
L4H7,12,-0.06152255833148956,-0.03980689495801926,-0.021715665236115456,0.04021286591887474,0.04771910980343819,0.05740594491362572
L4H7,13,-0.07176154851913452,-0.05827745422720909,-0.013484087772667408,0.04755331948399544,0.06502337008714676,0.07927267253398895
L4H8,0,0.0012529415544122458,0.00032434234162792563,0.0009285989217460155,0.017199816182255745,0.022923260927200317,0.02177273854613304
L4H8,1,-0.009067057631909847,-0.0034787822514772415,-0.005588274449110031,0.02609812095761299,0.026968302205204964,0.03250514715909958
L4H8,2,-0.011789560317993164,-0.0024848110042512417,-0.00930474977940321,0.03143322840332985,0.030538568273186684,0.038059644401073456
L4H8,3,-0.003150434698909521,-6.0707952798111364e-05,-0.0030897273682057858,0.025680439546704292,0.025616085156798363,0.03227410838007927
L4H8,4,0.003526353742927313,0.0052685546688735485,-0.001742200693115592,0.022034283727407455,0.023105502128601074,0.02759050764143467
L4H8,5,0.011471293866634369,0.010839193128049374,0.0006321019027382135,0.02144194021821022,0.022127356380224228,0.025737205520272255
L4H8,6,0.024888262152671814,0.02352702058851719,0.0013612419134005904,0.023592524230480194,0.023796934634447098,0.02822752483189106
L4H8,7,0.02030235156416893,0.024482615292072296,-0.004180266987532377,0.03882051259279251,0.035225652158260345,0.0474422387778759
L4H8,8,0.001018183189444244,0.00039093795930966735,0.0006272454047575593,0.00610832404345274,0.00584682822227478,0.00741948839277029
L4H8,9,-0.00896450225263834,0.007253597024828196,-0.016218099743127823,0.05172322317957878,0.03488549962639809,0.056581106036901474
L4H8,10,-0.004730517975986004,0.006251548882573843,-0.010982067324221134,0.030839692801237106,0.025337429717183113,0.03582976385951042
L4H8,11,0.002954142400994897,0.007874490693211555,-0.00492034712806344,0.02495388127863407,0.023061107844114304,0.032029323279857635
L4H8,12,0.01791413128376007,0.020920777693390846,-0.0030066478066146374,0.03517960011959076,0.03053509257733822,0.04206356033682823
L4H8,13,0.01981312222778797,0.017213374376296997,0.0025997513439506292,0.023044010624289513,0.024921974167227745,0.027003150433301926
L4H9,0,-0.008977510966360569,-0.0005688642850145698,-0.008408647030591965,0.015137367881834507,0.015786612406373024,0.021743405610322952
L4H9,1,0.012973024509847164,0.006493824999779463,0.006479198578745127,0.019768422469496727,0.025433076545596123,0.028274232521653175
L4H9,2,0.0009574323776178062,0.004153870046138763,-0.0031964369118213654,0.019193800166249275,0.02219947800040245,0.025734681636095047
L4H9,3,0.007224864326417446,0.006609216798096895,0.0006156478775665164,0.020608656108379364,0.020579373463988304,0.021378817036747932
L4H9,4,0.011203642003238201,0.013032346963882446,-0.001828705775551498,0.019365539774298668,0.02025567553937435,0.022600341588258743
L4H9,5,0.04593198746442795,0.04155532270669937,0.004376665689051151,0.041154369711875916,0.04742960259318352,0.043869856745004654
L4H9,6,0.06319992989301682,0.05962098017334938,0.003578940872102976,0.058113500475883484,0.06285443156957626,0.05531686544418335
L4H9,7,0.0416814349591732,0.043169401586055756,-0.0014879659283906221,0.041807450354099274,0.04387781396508217,0.039882250130176544
L4H9,8,0.0010265378514304757,0.0010665563168004155,-4.00185672333464e-05,0.00476036174222827,0.005898694973438978,0.00440174201503396
L4H9,9,0.012070626020431519,0.01848878711462021,-0.006418159697204828,0.022139891982078552,0.023049533367156982,0.02298794686794281
L4H9,10,0.0037321303971111774,0.009949319064617157,-0.006217189598828554,0.014475210569798946,0.015819840133190155,0.02019304223358631
L4H9,11,0.010305027477443218,0.014536549337208271,-0.004231521859765053,0.01704930141568184,0.016872745007276535,0.019944172352552414
L4H9,12,0.011619258671998978,0.01856089197099209,-0.006941631436347961,0.01996769942343235,0.02220972627401352,0.02393702045083046
L4H9,13,0.04648793488740921,0.05459477752447128,-0.008106839843094349,0.03617900237441063,0.04423784092068672,0.04778101295232773
L4H10,0,0.017439082264900208,0.01240259688347578,0.0050364830531179905,0.017404705286026,0.02253139019012451,0.024049656465649605
L4H10,1,0.015360729768872261,0.013791291043162346,0.0015694400062784553,0.02215411327779293,0.02217032201588154,0.02743268758058548
L4H10,2,0.013085582293570042,0.021086007356643677,-0.008000425063073635,0.028618421405553818,0.04256834462285042,0.045571230351924896
L4H10,3,-0.006830202415585518,0.012264100834727287,-0.019094303250312805,0.05393606796860695,0.04823804646730423,0.07036478817462921
L4H10,4,0.017599429935216904,0.013757312670350075,0.0038421181961894035,0.015736788511276245,0.01872270554304123,0.021462885662913322
L4H10,5,0.016687333583831787,0.014997747726738453,0.0016895855078473687,0.01264126691967249,0.016287831589579582,0.017506442964076996
L4H10,6,0.009281855076551437,0.003911973442882299,0.005369882564991713,0.03176096826791763,0.029767660424113274,0.038369350135326385
L4H10,7,0.01557102706283331,0.006329657044261694,0.009241369552910328,0.018840745091438293,0.01862643100321293,0.024245228618383408
L4H10,8,0.0013555116020143032,0.0005237546283751726,0.0008317569154314697,0.007770890835672617,0.005854947492480278,0.009811172261834145
L4H10,9,0.015323259867727757,0.010494505986571312,0.004828755743801594,0.02969595603644848,0.02709498256444931,0.034490104764699936
L4H10,10,0.010401844047009945,0.012699657119810581,-0.0022978130728006363,0.02716544084250927,0.028125137090682983,0.03512600436806679
L4H10,11,0.00976247526705265,0.00994319748133421,-0.00018072182137984782,0.027294624596834183,0.025814270600676537,0.03346291184425354
L4H10,12,0.01703980192542076,0.009952777065336704,0.007087024860084057,0.020276455208659172,0.020537633448839188,0.02326614409685135
L4H10,13,0.017616521567106247,0.013618488796055317,0.00399803277105093,0.014865387231111526,0.0184174831956625,0.019822143018245697
L4H11,0,0.02123337984085083,0.01694764569401741,0.004285732284188271,0.016488924622535706,0.02773929387331009,0.03102634660899639
L4H11,1,-0.0010646319715306163,-0.015182157047092915,0.014117524959146976,0.06282448768615723,0.06709004938602448,0.08411228656768799
L4H11,2,0.020164426416158676,0.02308567427098751,-0.0029212459921836853,0.0841602310538292,0.09063000977039337,0.10802637785673141
L4H11,3,0.010814233683049679,0.0036851055920124054,0.007129129022359848,0.07184519618749619,0.07804711163043976,0.0760752484202385
L4H11,4,0.002378703560680151,0.002516523003578186,-0.00013781903544440866,0.0392068549990654,0.0466722808778286,0.04369636997580528
L4H11,5,0.01960262842476368,0.022102640941739082,-0.0025000113528221846,0.040449149906635284,0.05092563107609749,0.05550583079457283
L4H11,6,0.06386173516511917,0.0509907603263855,0.01287096831947565,0.051039811223745346,0.054527487605810165,0.06645546853542328
L4H11,7,0.04947853833436966,0.04178004711866379,0.00769848981872201,0.04927215725183487,0.048178400844335556,0.06491895765066147
L4H11,8,0.0007313628448173404,0.0007716299733147025,-4.026702299597673e-05,0.004108866211026907,0.006561931222677231,0.006497950758785009
L4H11,9,0.00799708254635334,-0.01495521143078804,0.02295229397714138,0.0331713929772377,0.04243328422307968,0.05175115168094635
L4H11,10,-0.0040889629162848,-0.0230538472533226,0.01896488480269909,0.04003332182765007,0.05331172049045563,0.06322095543146133
L4H11,11,-0.0024275060277432203,-0.019673818722367287,0.017246311530470848,0.0456586629152298,0.05383182689547539,0.058088794350624084
L4H11,12,-0.008954647928476334,-0.022537121549248695,0.013582473620772362,0.03433620184659958,0.04399418085813522,0.047512657940387726
L4H11,13,-0.009976943023502827,-0.010733110830187798,0.0007561680395156145,0.042611684650182724,0.05486695095896721,0.06106799468398094
L5H0,0,0.02732864022254944,-0.0002189651277149096,0.027547599747776985,0.04183904454112053,0.04074988514184952,0.05705979838967323
L5H0,1,0.03320646658539772,0.004291881807148457,0.02891457825899124,0.04421709477901459,0.042314980179071426,0.0582113079726696
L5H0,2,0.03478310629725456,-0.002430183347314596,0.037213284522295,0.051269810646772385,0.050227101892232895,0.07096365839242935
L5H0,3,0.02330727130174637,3.979753819294274e-05,0.0232674740254879,0.03727516531944275,0.037364453077316284,0.04713816940784454
L5H0,4,0.02087445929646492,-0.0008385441615246236,0.021713005378842354,0.03158401697874069,0.0316389836370945,0.04342831298708916
L5H0,5,0.024461427703499794,0.0036537894047796726,0.02080763690173626,0.03038339503109455,0.02970985881984234,0.04128057137131691
L5H0,6,0.04263221099972725,0.017217274755239487,0.02541494183242321,0.03583557531237602,0.03827017918229103,0.05032080411911011
L5H0,7,0.024756692349910736,0.004692276008427143,0.02006441541016102,0.029191909357905388,0.028673719614744186,0.040236908942461014
L5H0,8,0.0026113479398190975,0.0015840459382161498,0.0010273020016029477,0.01309013832360506,0.010922625660896301,0.013419119641184807
L5H0,9,0.018898965790867805,-0.0050374586135149,0.023936424404382706,0.03376968950033188,0.04126368463039398,0.04765554890036583
L5H0,10,0.009574287571012974,-0.010958757251501083,0.020533043891191483,0.04720732197165489,0.046791356056928635,0.04409196227788925
L5H0,11,-0.021769355982542038,-0.03659021854400635,0.014820859767496586,0.04270937293767929,0.05439437925815582,0.05202856659889221
L5H0,12,0.0343451052904129,0.006501900032162666,0.027843205258250237,0.04448883607983589,0.046586859971284866,0.058139070868492126
L5H0,13,0.18322254717350006,0.17391283810138702,0.009309714660048485,0.07319435477256775,0.08188554644584656,0.07757958769798279
L5H1,0,0.07173235714435577,0.01775335520505905,0.053978998214006424,0.050265293568372726,0.05551449581980705,0.07694093883037567
L5H1,1,0.07411540299654007,0.017795337364077568,0.05632007122039795,0.05410773307085037,0.05676477029919624,0.08083290606737137
L5H1,2,0.08654826134443283,0.018942048773169518,0.06760621815919876,0.07535773515701294,0.06830157339572906,0.1021450012922287
L5H1,3,0.058793626725673676,0.014338323846459389,0.044455308467149734,0.04517213627696037,0.04571553319692612,0.06632763892412186
L5H1,4,0.05500780791044235,0.013395513407886028,0.04161228984594345,0.03899664431810379,0.04234188422560692,0.059150729328393936
L5H1,5,0.05138874426484108,0.012980952858924866,0.03840779513120651,0.036409106105566025,0.03995038941502571,0.0551450215280056
L5H1,6,0.06559915095567703,0.02025843970477581,0.045340705662965775,0.04554443806409836,0.05003223940730095,0.06893567740917206
L5H1,7,0.05103737488389015,0.01359526440501213,0.03744211047887802,0.035120394080877304,0.03805427998304367,0.05312314257025719
L5H1,8,0.008607004769146442,0.0041395751759409904,0.004467430524528027,0.03895523399114609,0.024705253541469574,0.03167017549276352
L5H1,9,0.05868419632315636,0.01293348427861929,0.04575071111321449,0.06436415761709213,0.07605336606502533,0.09306781738996506
L5H1,10,0.06945714354515076,0.01171090081334114,0.05774623900651932,0.12821781635284424,0.1207946315407753,0.13340793550014496
L5H1,11,0.0553671196103096,0.022480418905615807,0.03288669511675835,0.08499602228403091,0.08529037982225418,0.10274464637041092
L5H1,12,0.08270278573036194,0.040223486721515656,0.04247930645942688,0.08340242505073547,0.09955858439207077,0.1218571811914444
L5H1,13,0.4162493050098419,0.611692488193512,-0.19544315338134766,0.16525596380233765,0.17004194855690002,0.17299266159534454
L5H2,0,0.004331047646701336,-0.004088812507688999,0.008419860154390335,0.015725217759609222,0.022288121283054352,0.027005096897482872
L5H2,1,-0.0068270983174443245,0.009646939113736153,-0.016474038362503052,0.03369232639670372,0.05289311334490776,0.06069647893309593
L5H2,2,0.021009154617786407,0.013349916785955429,0.007659236900508404,0.035655427724123,0.0416049063205719,0.04248009994626045
L5H2,3,0.04241495952010155,0.024539072066545486,0.01787588931620121,0.043867871165275574,0.04400349408388138,0.05208917707204819
L5H2,4,0.02560131996870041,0.01267242431640625,0.012928895652294159,0.02976357378065586,0.030279487371444702,0.037762898951768875
L5H2,5,0.005493916571140289,-0.00040810517384670675,0.005902022123336792,0.02911941334605217,0.030613906681537628,0.03371990844607353
L5H2,6,0.009635629132390022,0.004416777286678553,0.00521885184571147,0.039381109178066254,0.0418522022664547,0.04290005937218666
L5H2,7,0.027086175978183746,0.01812058687210083,0.008965589106082916,0.02919945865869522,0.03061702288687229,0.03810267150402069
L5H2,8,-0.00013990839943289757,0.0008222225587815046,-0.000962131074629724,0.0057910531759262085,0.005527842789888382,0.008495314046740532
L5H2,9,0.006915498524904251,0.004041349980980158,0.002874148776754737,0.017556851729750633,0.022641247138381004,0.02692040614783764
L5H2,10,0.007415580563247204,-0.005438889376819134,0.012854469008743763,0.02021058276295662,0.026344215497374535,0.03103121556341648
L5H2,11,0.01033572107553482,-0.013105680234730244,0.02344140224158764,0.03293884918093681,0.03933652490377426,0.04762262850999832
L5H2,12,0.0075425696559250355,-0.009828799404203892,0.017371367663145065,0.02463001012802124,0.031512562185525894,0.03901426121592522
L5H2,13,-0.007086091674864292,-0.020792275667190552,0.013706184923648834,0.02621862106025219,0.03179329261183739,0.03738482668995857
L5H3,0,0.013966981321573257,0.006700440309941769,0.0072665405459702015,0.023215215653181076,0.02596050687134266,0.030541371554136276
L5H3,1,0.04255201667547226,0.020946523174643517,0.021605495363473892,0.03434038907289505,0.03953361138701439,0.044244807213544846
L5H3,2,0.03905318304896355,0.020025022327899933,0.019028162583708763,0.034571271389722824,0.04253234341740608,0.04616076499223709
L5H3,3,0.03349139913916588,0.017435599118471146,0.016055801883339882,0.02858969382941723,0.03378831967711449,0.03714289143681526
L5H3,4,0.028592124581336975,0.019512204453349113,0.009079920127987862,0.027140086516737938,0.02944718487560749,0.03204665333032608
L5H3,5,0.020013103261590004,0.017658503726124763,0.0023546030279248953,0.02383608929812908,0.024404490366578102,0.028551969677209854
L5H3,6,0.02879205159842968,0.029065124690532684,-0.0002730736159719527,0.03520726412534714,0.03611903265118599,0.03861486539244652
L5H3,7,0.03067576326429844,0.022590020671486855,0.008085740730166435,0.02241765335202217,0.02527640201151371,0.02808239683508873
L5H3,8,0.0012330688768997788,0.0006929812952876091,0.0005400876398198307,0.006788273807615042,0.005663590971380472,0.006112388335168362
L5H3,9,0.03465086966753006,0.018237536773085594,0.016413332894444466,0.02448890544474125,0.026784416288137436,0.031566958874464035
L5H3,10,0.01956339180469513,0.007058366201817989,0.01250502560287714,0.02079731412231922,0.02211228385567665,0.0274773221462965
L5H3,11,0.01886872760951519,0.00683178473263979,0.012036943808197975,0.022436026483774185,0.023392746224999428,0.029329273849725723
L5H3,12,0.01777026616036892,0.01249572541564703,0.005274541676044464,0.022424649447202682,0.025357620790600777,0.029949825257062912
L5H3,13,0.014823699370026588,0.013618106953799725,0.0012055912520736456,0.02132171392440796,0.024140655994415283,0.02900933288037777
L5H4,0,0.0031480910256505013,0.00040940087637864053,0.002738690935075283,0.020664837211370468,0.025072015821933746,0.025793150067329407
L5H4,1,-0.0018733263714239001,-0.002102241152897477,0.000228915800107643,0.03489265590906143,0.03919863700866699,0.027286024764180183
L5H4,2,-0.002171084750443697,-0.0010572295868769288,-0.00111385527998209,0.031960051506757736,0.03342383727431297,0.0316743329167366
L5H4,3,-0.0014829246792942286,-0.0003446810005698353,-0.0011382425436750054,0.03287329524755478,0.030098719522356987,0.030843298882246017
L5H4,4,0.000885555986315012,0.002015488687902689,-0.0011299330508336425,0.020887745544314384,0.02304266020655632,0.023230858147144318
L5H4,5,0.005727504845708609,0.015987005084753036,-0.01025949977338314,0.03460907191038132,0.04205450415611267,0.040385156869888306
L5H4,6,0.020857658237218857,0.022601014003157616,-0.001743358327075839,0.03614235669374466,0.042497944086790085,0.04389283433556557
L5H4,7,0.007890164852142334,0.007779082749038935,0.00011108131002401933,0.02191889099776745,0.02508167363703251,0.023346437141299248
L5H4,8,0.001517013181000948,0.0009569335961714387,0.0005600795266218483,0.0069486359134316444,0.006296409294009209,0.005871288012713194
L5H4,9,0.013044605031609535,0.009296233765780926,0.0037483705673366785,0.019623536616563797,0.02499764785170555,0.023095358163118362
L5H4,10,0.010375355370342731,0.00736725190654397,0.0030081041622906923,0.015484567731618881,0.01978960633277893,0.01748446747660637
L5H4,11,0.01317951362580061,0.008139193058013916,0.005040321033447981,0.016263725236058235,0.022234652191400528,0.02284938283264637
L5H4,12,0.009377426467835903,0.0073599196039140224,0.0020175075624138117,0.01443173922598362,0.016168855130672455,0.017457906156778336
L5H4,13,0.010738763958215714,0.0179680734872818,-0.007229310926049948,0.02941158041357994,0.03283447399735451,0.03088250383734703
L5H5,0,0.07695426046848297,0.06444881111383438,0.01250545121729374,0.04558476060628891,0.06024494022130966,0.06948060542345047
L5H5,1,0.07968568801879883,0.06623394787311554,0.013451737351715565,0.048957835882902145,0.061980731785297394,0.07121565192937851
L5H5,2,0.09047231078147888,0.07207430154085159,0.018398011103272438,0.06740492582321167,0.07779920101165771,0.0842742770910263
L5H5,3,0.06444812566041946,0.05307186022400856,0.011376267299056053,0.04120563715696335,0.0510357990860939,0.05743268504738808
L5H5,4,0.0627037063241005,0.05035615339875221,0.012347551062703133,0.036957353353500366,0.04566721245646477,0.052824966609478
L5H5,5,0.05936473608016968,0.047664154320955276,0.011700581759214401,0.03930552303791046,0.043099962174892426,0.049950771033763885
L5H5,6,0.07163815200328827,0.05903734266757965,0.012600809335708618,0.041138846427202225,0.05190854147076607,0.06173074245452881
L5H5,7,0.0630788579583168,0.05088904872536659,0.012189812026917934,0.03513522073626518,0.040704600512981415,0.04897881671786308
L5H5,8,0.005091628525406122,0.0022332307416945696,0.002858397550880909,0.02326609194278717,0.014600199647247791,0.020118774846196175
L5H5,9,0.10887739807367325,0.018148148432374,0.0907292440533638,0.12356401234865189,0.11337044090032578,0.14483939111232758
L5H5,10,0.10959167033433914,0.02735765650868416,0.08223400264978409,0.13605523109436035,0.09734383225440979,0.12897102534770966
L5H5,11,0.05930595099925995,0.02210182510316372,0.03720412775874138,0.10365825146436691,0.08911405503749847,0.11360378563404083
L5H5,12,0.05947300046682358,0.04695657268166542,0.012516427785158157,0.0871005728840828,0.07038526237010956,0.08652642369270325
L5H5,13,0.2143120914697647,0.20555342733860016,0.008758686482906342,0.12117921561002731,0.09425891190767288,0.11579179018735886
L5H6,0,0.011424411088228226,0.01005559042096138,0.0013688215985894203,0.023970508947968483,0.02309246174991131,0.030281350016593933
L5H6,1,0.0038853497244417667,-0.00045800997759215534,0.0043433597311377525,0.032330241054296494,0.03671153262257576,0.0419887937605381
L5H6,2,0.007147767581045628,0.002658030018210411,0.004489737097173929,0.07245459407567978,0.07745932787656784,0.09270504117012024
L5H6,3,0.00464889220893383,0.0030189487151801586,0.0016299438429996371,0.05216216668486595,0.049169979989528656,0.053506575524806976
L5H6,4,0.011774169281125069,0.007869401015341282,0.0039047678001224995,0.022994762286543846,0.023467615246772766,0.028671994805336
L5H6,5,0.015671424567699432,0.017310885712504387,-0.0016394609119743109,0.027954362332820892,0.03331238403916359,0.03898506611585617
L5H6,6,0.017512762919068336,0.016637403517961502,0.0008753618458285928,0.025038011372089386,0.025119129568338394,0.032303355634212494
L5H6,7,0.013090364634990692,0.014780805446207523,-0.0016904425574466586,0.021022245287895203,0.023796655237674713,0.025681545957922935
L5H6,8,0.0015383042627945542,0.0017215090338140726,-0.00018320461094845086,0.007862662896513939,0.008570017293095589,0.004565882962197065
L5H6,9,0.013317247852683067,0.0007672526407986879,0.012549994513392448,0.017634877935051918,0.026863977313041687,0.02995581179857254
L5H6,10,0.006066933739930391,-0.005422302056103945,0.011489234864711761,0.034980472177267075,0.03789005056023598,0.04335062578320503
L5H6,11,0.00228350842371583,-0.0018821842968463898,0.004165692254900932,0.026105180382728577,0.027273373678326607,0.02693532593548298
L5H6,12,0.007483364548534155,0.0012773678172379732,0.006205996964126825,0.01922079548239708,0.021556494757533073,0.02586117759346962
L5H6,13,0.01172187365591526,0.010218898765742779,0.001502973958849907,0.024830805137753487,0.026993991807103157,0.03329256549477577
L5H7,0,0.002989345695823431,0.004331251606345177,-0.001341905677691102,0.027296071872115135,0.0389077328145504,0.03335190936923027
L5H7,1,-0.013646027073264122,-0.006267852149903774,-0.007378174923360348,0.034116365015506744,0.03789172321557999,0.031474508345127106
L5H7,2,-0.03446102514863014,-0.01324077695608139,-0.02122025191783905,0.061479054391384125,0.046378642320632935,0.05819055810570717
L5H7,3,-0.026979876682162285,-0.011780301108956337,-0.015199577435851097,0.026859061792492867,0.026133472099900246,0.032050617039203644
L5H7,4,0.008079299703240395,0.017984384670853615,-0.009905085898935795,0.08326110988855362,0.06078561022877693,0.052898190915584564
L5H7,5,0.2617402672767639,0.24231362342834473,0.01942664012312889,0.15722067654132843,0.15164604783058167,0.07704402506351471
L5H7,6,0.22108477354049683,0.2180013358592987,0.0030834239441901445,0.17224694788455963,0.16895560920238495,0.07517547160387039
L5H7,7,0.009256172925233841,0.02314329333603382,-0.01388712041079998,0.02949899062514305,0.03252790495753288,0.029142839834094048
L5H7,8,-0.001256543560884893,-0.0004816327418666333,-0.0007749107899144292,0.006500502582639456,0.0043099564500153065,0.006704163737595081
L5H7,9,-0.017124805599451065,-0.0015583252534270287,-0.015566481277346611,0.033577416092157364,0.031145205721259117,0.03281566500663757
L5H7,10,-0.015384351834654808,-0.00237848237156868,-0.013005871325731277,0.029871603474020958,0.024010058492422104,0.03162641450762749
L5H7,11,-0.011369474232196808,0.0017503418494015932,-0.013119817711412907,0.018976697698235512,0.021943481639027596,0.024468231946229935
L5H7,12,-0.017888281494379044,-0.0023349132388830185,-0.01555336732417345,0.022651316598057747,0.025190703570842743,0.03025204874575138
L5H7,13,0.20539338886737823,0.2011326402425766,0.004260730929672718,0.14728789031505585,0.14403653144836426,0.06633645296096802
L5H8,0,-0.06424546986818314,-0.04855933412909508,-0.015686137601733208,0.04969748854637146,0.05941687896847725,0.07343169301748276
L5H8,1,-0.05603567510843277,-0.04162660986185074,-0.01440905500203371,0.0506635457277298,0.056532472372055054,0.0695868730545044
L5H8,2,-0.062464892864227295,-0.04685705527663231,-0.015607839450240135,0.06032150611281395,0.06936778873205185,0.08028901368379593
L5H8,3,-0.037846747785806656,-0.02258746512234211,-0.01525928359478712,0.03905031830072403,0.04417353495955467,0.05429418385028839
L5H8,4,-0.039549320936203,-0.02762404829263687,-0.011925270780920982,0.032087139785289764,0.037441421300172806,0.046557582914829254
L5H8,5,-0.04018167033791542,-0.029895197600126266,-0.01028646994382143,0.03176083788275719,0.03874663636088371,0.0469677671790123
L5H8,6,-0.040261004120111465,-0.026944344863295555,-0.013316657394170761,0.03688053414225578,0.045224424451589584,0.05502697452902794
L5H8,7,-0.03561514988541603,-0.02681601047515869,-0.008799138478934765,0.031109457835555077,0.0352015420794487,0.042738813906908035
L5H8,8,-0.002954605733975768,-0.002217792673036456,-0.0007368127699010074,0.013020453043282032,0.013625465333461761,0.011730487458407879
L5H8,9,0.016732247546315193,0.018444480374455452,-0.0017122322460636497,0.05096155032515526,0.05882097780704498,0.06563479453325272
L5H8,10,0.0009806156158447266,0.009228446520864964,-0.008247831836342812,0.03664928674697876,0.04007813334465027,0.04366617649793625
L5H8,11,0.0006738840602338314,0.012740908190608025,-0.01206702645868063,0.054908767342567444,0.0561378076672554,0.06907258182764053
L5H8,12,0.005255444906651974,0.009597164578735828,-0.004341720603406429,0.04545087367296219,0.05067931488156319,0.04893909767270088
L5H8,13,-0.004448408726602793,-0.011393985711038113,0.006945576518774033,0.036228690296411514,0.050668150186538696,0.05146612599492073
L5H9,0,-0.15951703488826752,-0.062129318714141846,-0.09738772362470627,0.12687420845031738,0.13982152938842773,0.1959543526172638
L5H9,1,-0.14640477299690247,-0.0534079447388649,-0.09299682080745697,0.13022580742835999,0.136031374335289,0.19358165562152863
L5H9,2,-0.1787971705198288,-0.05570404976606369,-0.12309310585260391,0.17527784407138824,0.165579691529274,0.24428777396678925
L5H9,3,-0.1175088956952095,-0.04453578591346741,-0.0729731097817421,0.11017237603664398,0.10953281819820404,0.15676936507225037
L5H9,4,-0.1103878989815712,-0.04004107043147087,-0.07034681737422943,0.10011225938796997,0.09794943779706955,0.1423194259405136
L5H9,5,-0.10257977247238159,-0.03830074146389961,-0.06427902728319168,0.09144771099090576,0.09367299824953079,0.13431739807128906
L5H9,6,-0.13140179216861725,-0.050133977085351944,-0.081267811357975,0.11838667094707489,0.11355738341808319,0.16807672381401062
L5H9,7,-0.10466033965349197,-0.037326447665691376,-0.0673338919878006,0.09577610343694687,0.09009668231010437,0.13391593098640442
L5H9,8,-0.0019818213768303394,0.00094900734256953,-0.0029308286029845476,0.018495185300707817,0.01751299574971199,0.024624543264508247
L5H9,9,-0.10773633420467377,-0.03725948929786682,-0.07047685980796814,0.1270105242729187,0.10409374535083771,0.15128101408481598
L5H9,10,-0.09193561971187592,-0.033303990960121155,-0.05863162502646446,0.11746035516262054,0.09493204206228256,0.13655155897140503
L5H9,11,-0.07554535567760468,-0.02315104939043522,-0.052394308149814606,0.10758855193853378,0.08883662521839142,0.12135592103004456
L5H9,12,-0.0847218856215477,-0.026919575408101082,-0.057802312076091766,0.11358647048473358,0.08949171006679535,0.12828092277050018
L5H9,13,-0.09280133992433548,-0.028612125664949417,-0.06418921798467636,0.13033071160316467,0.10416775941848755,0.14587406814098358
L5H10,0,0.009260849095880985,-0.007695152424275875,0.01695599965751171,0.026424430310726166,0.030731182545423508,0.03886090964078903
L5H10,1,0.009846748784184456,-0.0044927033595740795,0.014339449815452099,0.03616837412118912,0.044697802513837814,0.04702094942331314
L5H10,2,0.031100410968065262,0.009195193648338318,0.021905217319726944,0.05252160131931305,0.06887278705835342,0.05414247512817383
L5H10,3,0.08460327237844467,0.041742902249097824,0.04286037012934685,0.11062674224376678,0.0909983366727829,0.08265563100576401
L5H10,4,0.09046149253845215,0.06188424304127693,0.02857724204659462,0.10802603513002396,0.0859302282333374,0.07852183282375336
L5H10,5,0.11354035139083862,0.11474429070949554,-0.0012039417633786798,0.1196042150259018,0.1073397547006607,0.09529710561037064
L5H10,6,0.10907552391290665,0.13309085369110107,-0.024015313014388084,0.08313296735286713,0.08081075549125671,0.08582783490419388
L5H10,7,0.09253262728452682,0.10581982880830765,-0.013287202455103397,0.08584801852703094,0.07782739400863647,0.07278412580490112
L5H10,8,0.010307793505489826,0.007357245311141014,0.0029505486600100994,0.04740048572421074,0.03292015939950943,0.0297810360789299
L5H10,9,0.07081719487905502,0.0694398283958435,0.0013773675309494138,0.06782415509223938,0.06040974706411362,0.06679529696702957
L5H10,10,0.054909344762563705,0.059105727821588516,-0.004196382127702236,0.056131038814783096,0.05465572327375412,0.05794980376958847
L5H10,11,0.07846331596374512,0.07463961094617844,0.003823705483227968,0.08313633501529694,0.07148580253124237,0.07027333229780197
L5H10,12,0.0791664645075798,0.08555356413125992,-0.006387100555002689,0.08430010825395584,0.07590260356664658,0.07545504719018936
L5H10,13,0.11169768869876862,0.1312883496284485,-0.01959066651761532,0.09420227259397507,0.09425913542509079,0.09075455367565155
L5H11,0,0.017118513584136963,0.01630925014615059,0.0008092611678875983,0.030924174934625626,0.03665229305624962,0.03414518013596535
L5H11,1,0.007380411960184574,0.01109558530151844,-0.0037151724100112915,0.039905257523059845,0.04062535986304283,0.042556047439575195
L5H11,2,0.00515225762501359,0.00798719096928835,-0.0028349331114441156,0.03750352934002876,0.042099807411432266,0.045132748782634735
L5H11,3,-0.036646146327257156,-0.009369025006890297,-0.02727712132036686,0.06994955986738205,0.06090039014816284,0.05990707874298096
L5H11,4,-0.04848574846982956,-0.04050299525260925,-0.007982747629284859,0.11057794839143753,0.08684241026639938,0.06087776646018028
L5H11,5,-0.06167200580239296,-0.06621648371219635,0.004544485826045275,0.07809881865978241,0.07389882206916809,0.05692514777183533
L5H11,6,-0.131477490067482,-0.1800503432750702,0.04857286065816879,0.11945116519927979,0.11010277271270752,0.08461499214172363
L5H11,7,-0.08906447887420654,-0.10750104486942291,0.018436560407280922,0.08263906091451645,0.07216756045818329,0.054677847772836685
L5H11,8,-0.006756128277629614,-0.0042465077713131905,-0.0025096212048083544,0.03075290471315384,0.021017828956246376,0.02191118337213993
L5H11,9,-0.03913635015487671,-0.036321938037872314,-0.002814410487189889,0.07034920156002045,0.058631688356399536,0.05105961114168167
L5H11,10,-0.027321022003889084,-0.02069440484046936,-0.006626616697758436,0.0630890429019928,0.056120503693819046,0.04013076052069664
L5H11,11,-0.08334935456514359,-0.05517558753490448,-0.028173770755529404,0.10657937824726105,0.09701282531023026,0.06487379968166351
L5H11,12,-0.07680369168519974,-0.06968056410551071,-0.007123127579689026,0.12191499769687653,0.10095562040805817,0.0694546028971672
L5H11,13,-0.11930451542139053,-0.12764902412891388,0.00834450963884592,0.08856939524412155,0.08379127085208893,0.07003620266914368
L6H0,0,0.01817496493458748,0.006652958691120148,0.011522007174789906,0.021783586591482162,0.017774388194084167,0.025191321969032288
L6H0,1,0.010469055734574795,0.004095123615115881,0.006373933050781488,0.03711172565817833,0.03411125764250755,0.04858953878283501
L6H0,2,0.025321299210190773,0.014352390542626381,0.010968910530209541,0.04001094028353691,0.04128669202327728,0.050966449081897736
L6H0,3,0.01941693015396595,0.015623618848621845,0.0037933122366666794,0.03280113637447357,0.039328787475824356,0.04612315446138382
L6H0,4,0.033802151679992676,0.037047866731882095,-0.0032457150518894196,0.04210586100816727,0.044884879142045975,0.050418123602867126
L6H0,5,0.04432135075330734,0.04277932271361351,0.00154203234706074,0.04045131057500839,0.039662282913923264,0.04459454119205475
L6H0,6,0.07905399799346924,0.0802663266658783,-0.0012123360065743327,0.06019887700676918,0.06322428584098816,0.06487049162387848
L6H0,7,0.0333210788667202,0.033655453473329544,-0.0003343733260408044,0.0270914975553751,0.028137510642409325,0.03173649683594704
L6H0,8,-0.00017946556909009814,0.0005566651234403253,-0.0007361306925304234,0.0056235515512526035,0.006672408897429705,0.0077468017116189
L6H0,9,0.02738521620631218,0.02516297437250614,0.0022222395054996014,0.02588001824915409,0.02819344587624073,0.033773522824048996
L6H0,10,0.03137600049376488,0.027588099241256714,0.003787902882322669,0.0280300360172987,0.03613212704658508,0.03232963755726814
L6H0,11,0.03300224244594574,0.02958035096526146,0.0034218935761600733,0.03047603741288185,0.03807861730456352,0.03871547430753708
L6H0,12,0.036668043583631516,0.03606564924120903,0.0006024014437571168,0.03891473263502121,0.050015922635793686,0.04588644206523895
L6H0,13,0.05288350582122803,0.05442264303565025,-0.0015391397755593061,0.037716981023550034,0.04857663810253143,0.05308452248573303
L6H1,0,0.0014312969287857413,-0.00563544686883688,0.00706674437969923,0.012554392218589783,0.017552893608808517,0.021932650357484818
L6H1,1,0.004392663482576609,-0.002500984352082014,0.006893647834658623,0.01672322489321232,0.021621223539114,0.025381341576576233
L6H1,2,0.014926861971616745,0.010248417966067791,0.004678444936871529,0.0368335023522377,0.0465044267475605,0.05086267739534378
L6H1,3,0.00960086565464735,0.00030236446764320135,0.009298501536250114,0.019875414669513702,0.018549934029579163,0.022278379648923874
L6H1,4,0.01113663800060749,-0.0009864331223070621,0.012123070657253265,0.036543089896440506,0.026115581393241882,0.03981330245733261
L6H1,5,0.023451050743460655,0.010157856158912182,0.013293196447193623,0.04054619371891022,0.031611185520887375,0.041179779917001724
L6H1,6,0.018763625994324684,0.009934959933161736,0.008828666061162949,0.01484763901680708,0.018855838105082512,0.02091074362397194
L6H1,7,0.0076051377691328526,0.002944058971479535,0.0046610780991613865,0.011045774444937706,0.016644394025206566,0.017835279926657677
L6H1,8,0.0003982463385909796,-0.0002983585000038147,0.0006966048385947943,0.004101040307432413,0.0044370838440954685,0.006560460664331913
L6H1,9,0.0071826716884970665,3.323386772535741e-05,0.007149436976760626,0.016543999314308167,0.02082889899611473,0.021946977823972702
L6H1,10,0.006976800505071878,0.001359959365800023,0.005616840906441212,0.02871883288025856,0.02429949678480625,0.02397654391825199
L6H1,11,0.002809368772432208,-0.0032167602330446243,0.006026129238307476,0.009636001661419868,0.012113216333091259,0.014523242600262165
L6H1,12,0.006004138384014368,0.0013942141085863113,0.004609924275428057,0.02401045151054859,0.020982224494218826,0.0180951077491045
L6H1,13,0.1354384869337082,0.12414047867059708,0.011298023164272308,0.08669900894165039,0.07634760439395905,0.051629438996315
L6H2,0,-0.015808049589395523,-0.016637282446026802,0.0008292343118228018,0.032300982624292374,0.03537985309958458,0.04296675696969032
L6H2,1,0.0027371756732463837,-0.004372389055788517,0.007109565194696188,0.028606073930859566,0.0352591909468174,0.04233987256884575
L6H2,2,0.0027957619167864323,0.00017279466555919498,0.002622967353090644,0.030378814786672592,0.04152527078986168,0.04874715954065323
L6H2,3,0.009513924829661846,0.014935791492462158,-0.005421866662800312,0.030150219798088074,0.033321354538202286,0.039319418370723724
L6H2,4,0.002806522650644183,0.00939083844423294,-0.006584315560758114,0.027276422828435898,0.03258320316672325,0.03849836066365242
L6H2,5,-0.00708354776725173,0.0011019280645996332,-0.008185476064682007,0.0264564398676157,0.032699767500162125,0.03878621757030487
L6H2,6,-0.0006928460206836462,0.005930319894105196,-0.0066231656819581985,0.03598589822649956,0.043010029941797256,0.04858509078621864
L6H2,7,-0.00021157243463676423,-0.002785374177619815,0.002573801437392831,0.03079385496675968,0.03643174469470978,0.0385684110224247
L6H2,8,-0.0008090141345746815,-0.0012689648428931832,0.0004599509120453149,0.007688198704272509,0.009396667592227459,0.010873989202082157
L6H2,9,-0.009051503613591194,-0.013131164014339447,0.004079660400748253,0.038695041090250015,0.046263910830020905,0.05190502479672432
L6H2,10,-0.00799635611474514,-0.008545239455997944,0.0005488832830451429,0.037615567445755005,0.04421183839440346,0.0480809323489666
L6H2,11,-0.0021368449088186026,-0.0011609354987740517,-0.00097590999212116,0.03931514173746109,0.04446479678153992,0.04634752497076988
L6H2,12,-0.00648893415927887,-0.00960962288081646,0.0031206882558763027,0.037105049937963486,0.04306880012154579,0.04702771082520485
L6H2,13,-0.011732547543942928,-0.014239816926419735,0.0025072689168155193,0.036581579595804214,0.04636270925402641,0.053407810628414154
L6H3,0,0.017404338344931602,0.006922936532646418,0.010481402277946472,0.01839154027402401,0.01741102524101734,0.022866051644086838
L6H3,1,0.028131522238254547,0.01675465889275074,0.011376863345503807,0.023155367001891136,0.02189265750348568,0.026961982250213623
L6H3,2,0.0321962833404541,0.017743386328220367,0.014452898874878883,0.02950824424624443,0.024566195905208588,0.030942093580961227
L6H3,3,0.04146399348974228,0.024776475504040718,0.01668751798570156,0.0340736024081707,0.02995728887617588,0.03405100479722023
L6H3,4,0.02836788445711136,0.01268619205802679,0.015681695193052292,0.02421758882701397,0.022319167852401733,0.027156585827469826
L6H3,5,0.017910756170749664,0.00609321054071188,0.011817545630037785,0.01965208910405636,0.017267968505620956,0.023532208055257797
L6H3,6,0.01992214471101761,0.007925420999526978,0.011996723711490631,0.020485956221818924,0.024187885224819183,0.028318533673882484
L6H3,7,0.018872573971748352,0.01006222516298294,0.008810346014797688,0.04015878587961197,0.056597743183374405,0.06078065186738968
L6H3,8,0.0009945782367140055,0.0009497503633610904,4.4827804231317714e-05,0.00879238173365593,0.007903693243861198,0.009334594011306763
L6H3,9,0.03589162975549698,0.02449430711567402,0.011397323571145535,0.03532194718718529,0.046651020646095276,0.04292939975857735
L6H3,10,0.022004568949341774,0.013487466610968113,0.008517103269696236,0.024048706516623497,0.030676815658807755,0.0293990820646286
L6H3,11,0.016565978527069092,0.010945535264909267,0.005620443727821112,0.033041685819625854,0.03944936767220497,0.03867937996983528
L6H3,12,0.014180615544319153,0.0016209756722673774,0.012559637427330017,0.028335804119706154,0.03500931337475777,0.038641951978206635
L6H3,13,0.014777420088648796,-0.001305146375671029,0.016082564368844032,0.030127042904496193,0.037170540541410446,0.04108074679970741
L6H4,0,-0.024412546306848526,-0.019360510632395744,-0.005052033346146345,0.021552104502916336,0.024618733674287796,0.026084400713443756
L6H4,1,0.0018137383740395308,-0.028797714039683342,0.030611451715230942,0.10016538202762604,0.0653400719165802,0.10575602203607559
L6H4,2,0.23766538500785828,0.011923259124159813,0.22574210166931152,0.2697111964225769,0.13650473952293396,0.2722397744655609
L6H4,3,0.1753084361553192,0.017290201038122177,0.15801824629306793,0.16593170166015625,0.09403197467327118,0.15590424835681915
L6H4,4,0.12509894371032715,0.026963962242007256,0.09813497215509415,0.07441438734531403,0.06277135759592056,0.07616738229990005
L6H4,5,0.11539925634860992,0.05125458166003227,0.06414467841386795,0.06556526571512222,0.06212175637483597,0.06378621608018875
L6H4,6,0.054128456860780716,0.05493972450494766,-0.0008112684590741992,0.05456889420747757,0.06186656653881073,0.050023775547742844
L6H4,7,0.10308339446783066,0.09337475895881653,0.009708640165627003,0.0630708560347557,0.0691651701927185,0.06196033954620361
L6H4,8,0.00402947748079896,0.004066873341798782,-3.739603562280536e-05,0.018714841455221176,0.019263099879026413,0.010976654477417469
L6H4,9,0.12381503731012344,0.08114897459745407,0.042666058987379074,0.1039874479174614,0.10384120047092438,0.08353585004806519
L6H4,10,0.11711900681257248,0.07148189842700958,0.045637115836143494,0.08934509009122849,0.08619185537099838,0.07424868643283844
L6H4,11,0.15879501402378082,0.13750557601451874,0.021289438009262085,0.10340274125337601,0.1276126354932785,0.09469316899776459
L6H4,12,0.091327004134655,0.08708316087722778,0.004243853501975536,0.05726756900548935,0.06160729005932808,0.05943134427070618
L6H4,13,0.1423267275094986,0.18073588609695435,-0.03840915858745575,0.06938236206769943,0.09137152135372162,0.0987030416727066
L6H5,0,-0.032440878450870514,-0.023977601900696754,-0.00846327655017376,0.03838858753442764,0.035867489874362946,0.035727474838495255
L6H5,1,-0.044461850076913834,-0.027249665930867195,-0.01721218414604664,0.05101087689399719,0.046228986233472824,0.0445333831012249
L6H5,2,-0.063707135617733,-0.043078046292066574,-0.02062908373773098,0.056048281490802765,0.04833143949508667,0.04437285661697388
L6H5,3,-0.057512879371643066,-0.04081042855978012,-0.016702447086572647,0.04728669673204422,0.04411318153142929,0.04356754943728447
L6H5,4,-0.05087631568312645,-0.031945642083883286,-0.018930677324533463,0.04005584865808487,0.03609725087881088,0.04322446510195732
L6H5,5,-0.043974850326776505,-0.030621299520134926,-0.01335354894399643,0.03238658234477043,0.028528062626719475,0.03414066508412361
L6H5,6,-0.09057197719812393,-0.07985246181488037,-0.010719514451920986,0.04549024626612663,0.04195084795355797,0.043792128562927246
L6H5,7,-0.08675524592399597,-0.07323340326547623,-0.013521847315132618,0.04545731097459793,0.04338245466351509,0.05512776970863342
L6H5,8,-0.004261504393070936,-0.0030417945235967636,-0.0012197098694741726,0.018170297145843506,0.014094658195972443,0.010728402994573116
L6H5,9,-0.07389680296182632,-0.05938879773020744,-0.014508003368973732,0.04660540819168091,0.04418273642659187,0.051962584257125854
L6H5,10,-0.04932674020528793,-0.036312177777290344,-0.013014568015933037,0.04155084118247032,0.03733425214886665,0.039944134652614594
L6H5,11,-0.030054302886128426,-0.02048373594880104,-0.009570569731295109,0.04728970304131508,0.049297064542770386,0.05075214058160782
L6H5,12,-0.023398326709866524,-0.008360830135643482,-0.01503749843686819,0.044633183628320694,0.04730652645230293,0.05098005384206772
L6H5,13,-0.03590276837348938,-0.02199660614132881,-0.013906162232160568,0.03866204246878624,0.0432061105966568,0.04804122447967529
L6H6,0,-0.021876174956560135,-0.02022688277065754,-0.0016492926515638828,0.02078605629503727,0.033284883946180344,0.03777339681982994
L6H6,1,-0.050447311252355576,-0.044413790106773376,-0.006033521611243486,0.03330531716346741,0.042297277599573135,0.04325217753648758
L6H6,2,-0.06612028181552887,-0.05655132979154587,-0.00956894550472498,0.04546386003494263,0.05578731372952461,0.05277835577726364
L6H6,3,-0.05843975767493248,-0.04742014780640602,-0.01101960800588131,0.03564649447798729,0.03822467103600502,0.03961523622274399
L6H6,4,-0.040024299174547195,-0.032588891685009,-0.0074354116804897785,0.025012530386447906,0.030146580189466476,0.03147522360086441
L6H6,5,-0.046089012175798416,-0.037932876497507095,-0.008156136609613895,0.034782055765390396,0.0385187603533268,0.03801066428422928
L6H6,6,-0.12038826197385788,-0.12105388194322586,0.0006656099576503038,0.049444425851106644,0.05388426035642624,0.05225804075598717
L6H6,7,-0.08057467639446259,-0.06482721865177155,-0.01574746146798134,0.04370008409023285,0.04977397993206978,0.046470411121845245
L6H6,8,-0.007288306951522827,-0.006853561382740736,-0.00043474530684761703,0.03175889328122139,0.02985868975520134,0.012539509683847427
L6H6,9,-0.10897962003946304,-0.08743185549974442,-0.021547766402363777,0.06291951984167099,0.06485346704721451,0.05920136347413063
L6H6,10,-0.10930850356817245,-0.08314739167690277,-0.02616112306714058,0.07294178754091263,0.06928212195634842,0.06615913659334183
L6H6,11,-0.08478088676929474,-0.057808633893728256,-0.02697225660085678,0.07615744322538376,0.06380043178796768,0.07381157577037811
L6H6,12,-0.07235561311244965,-0.05037950351834297,-0.021976109594106674,0.07702591270208359,0.07116583734750748,0.08023901283740997
L6H6,13,-0.1535918116569519,-0.14605771005153656,-0.0075341081246733665,0.07735470682382584,0.08824444562196732,0.102135568857193
L6H7,0,-0.03399740159511566,-0.027035212144255638,-0.006962190382182598,0.02348552644252777,0.024755166843533516,0.03330366685986519
L6H7,1,-0.0351831279695034,-0.022829854860901833,-0.01235327310860157,0.048584967851638794,0.040615424513816833,0.05360095202922821
L6H7,2,-0.02607548050582409,-0.02234278991818428,-0.0037326922174543142,0.03998696058988571,0.038302842527627945,0.03937675803899765
L6H7,3,0.006854953244328499,-0.000711324973963201,0.007566278334707022,0.05282481759786606,0.04571351781487465,0.04326988756656647
L6H7,4,0.04830217733979225,0.029213987290859222,0.01908818818628788,0.07770518958568573,0.06565847247838974,0.053841736167669296
L6H7,5,0.05422492325305939,0.04034855589270592,0.013876363635063171,0.06990624219179153,0.060045886784791946,0.05035577714443207
L6H7,6,0.09254509955644608,0.08692440390586853,0.005620704032480717,0.06584664434194565,0.05866337940096855,0.06090031936764717
L6H7,7,0.13329622149467468,0.12719091773033142,0.006105311680585146,0.08253432810306549,0.07758582383394241,0.07665392756462097
L6H7,8,0.00971645675599575,0.008642463944852352,0.0010739919962361455,0.043530531227588654,0.03854455053806305,0.023212622851133347
L6H7,9,0.03824319690465927,0.03328872099518776,0.004954469855874777,0.049350008368492126,0.04944024235010147,0.04240082949399948
L6H7,10,0.011381919495761395,0.008836804889142513,0.0025451157707720995,0.03920880705118179,0.03924844041466713,0.03417821601033211
L6H7,11,0.04993944987654686,0.041177645325660706,0.008761809207499027,0.05588017776608467,0.052880071103572845,0.049604255706071854
L6H7,12,0.042670316994190216,0.03294455632567406,0.00972575880587101,0.0570392832159996,0.05710355564951897,0.048566821962594986
L6H7,13,0.04504191130399704,0.03414825722575188,0.010893655009567738,0.0747515857219696,0.07380713522434235,0.05569851025938988
L6H8,0,0.004803784657269716,0.002252905862405896,0.00255087879486382,0.01558726280927658,0.022111322730779648,0.026105370372533798
L6H8,1,0.02616281807422638,0.017840351909399033,0.00832247082144022,0.03770579770207405,0.034459687769412994,0.03735409677028656
L6H8,2,0.05405780300498009,0.04120347276329994,0.01285432931035757,0.051342613995075226,0.05660207197070122,0.05274851620197296
L6H8,3,0.04937944933772087,0.03820973262190819,0.011169720441102982,0.05191200599074364,0.06053498014807701,0.059684086591005325
L6H8,4,0.02801993303000927,0.020491108298301697,0.007528823334723711,0.027818622067570686,0.034975018352270126,0.03485976532101631
L6H8,5,0.01981176994740963,0.021916445344686508,-0.0021046737674623728,0.03332722559571266,0.04357371851801872,0.041495852172374725
L6H8,6,0.018639151006937027,0.016166849061846733,0.0024723010137677193,0.02887323498725891,0.03330778703093529,0.035118356347084045
L6H8,7,0.016964131966233253,0.01577541045844555,0.0011887210421264172,0.02274179458618164,0.026783907786011696,0.031612955033779144
L6H8,8,0.001042839139699936,0.0016192994080483913,-0.0005764603265561163,0.0076393247582018375,0.008834502659738064,0.008425785228610039
L6H8,9,0.014191513881087303,0.0025161628145724535,0.011675353161990643,0.025429124012589455,0.027555495500564575,0.03459710255265236
L6H8,10,0.03801396116614342,0.015485800802707672,0.022528158500790596,0.048750363290309906,0.04610783979296684,0.05470658466219902
L6H8,11,0.02268442139029503,0.007915504276752472,0.014768918044865131,0.04232187196612358,0.048797957599163055,0.05459176376461983
L6H8,12,0.010868886485695839,-0.003777742851525545,0.01464663166552782,0.037023983895778656,0.051355406641960144,0.05392248183488846
L6H8,13,0.003981533460319042,0.006297998130321503,-0.002316464902833104,0.033682726323604584,0.05069324001669884,0.05649036169052124
L6H9,0,0.005702034570276737,0.021165214478969574,-0.015463181771337986,0.02616303414106369,0.03661733493208885,0.04285870119929314
L6H9,1,0.007467047311365604,0.02210528403520584,-0.014638233929872513,0.02645297534763813,0.03755531087517738,0.04376298189163208
L6H9,2,0.006811394821852446,0.023917650803923607,-0.017106257379055023,0.030351310968399048,0.04648060351610184,0.05339081957936287
L6H9,3,0.005892517510801554,0.018266230821609497,-0.012373714707791805,0.022138375788927078,0.030955445021390915,0.03587093949317932
L6H9,4,0.005887766368687153,0.017414476722478867,-0.011526710353791714,0.019714605063199997,0.028433093801140785,0.03283299133181572
L6H9,5,0.0068232216872274876,0.016615062952041626,-0.009791842661798,0.02358555980026722,0.027247624471783638,0.031123029068112373
L6H9,6,0.010659520514309406,0.024895500391721725,-0.01423597987741232,0.022961992770433426,0.03434162959456444,0.03775875270366669
L6H9,7,0.008302049711346626,0.01921284943819046,-0.010910799726843834,0.01796204037964344,0.02610519714653492,0.02963573858141899
L6H9,8,0.004213280510157347,0.0034036964643746614,0.0008095836965367198,0.019444305449724197,0.01712704822421074,0.010884369723498821
L6H9,9,0.10037325322628021,0.029858866706490517,0.07051437348127365,0.1493239849805832,0.14004847407341003,0.16794244945049286
L6H9,10,0.10967985540628433,0.056940000504255295,0.05273985490202904,0.16043749451637268,0.13998787105083466,0.1547638326883316
L6H9,11,0.012431705370545387,0.0280646700412035,-0.01563296467065811,0.06093975901603699,0.06005840376019478,0.07601576298475266
L6H9,12,0.04863021522760391,0.05112037435173988,-0.0024901623837649822,0.04776765778660774,0.05320396646857262,0.05129939690232277
L6H9,13,0.23793424665927887,0.3553716242313385,-0.11743739992380142,0.10408127307891846,0.14825507998466492,0.08393839001655579
L6H10,0,0.02312443219125271,0.01753140799701214,0.005593025591224432,0.031014027073979378,0.03701596334576607,0.04394949972629547
L6H10,1,0.04167421534657478,0.03634991869330406,0.005324294790625572,0.03793702274560928,0.0419204905629158,0.049807626754045486
L6H10,2,0.046082139015197754,0.038688138127326965,0.007393999490886927,0.04113512858748436,0.049698617309331894,0.05356144532561302
L6H10,3,0.042273204773664474,0.03274356573820114,0.009529639966785908,0.03529645875096321,0.035442303866147995,0.041068024933338165
L6H10,4,0.023859625682234764,0.017770271748304367,0.006089353002607822,0.022526593878865242,0.030147263780236244,0.036903876811265945
L6H10,5,0.01850980706512928,0.013765941374003887,0.00474386615678668,0.02121393196284771,0.027372900396585464,0.03226219862699509
L6H10,6,0.03866743668913841,0.03726804256439209,0.0013993900502100587,0.02811749279499054,0.03722326457500458,0.039695560932159424
L6H10,7,0.036960430443286896,0.03543999791145325,0.001520432997494936,0.026390479877591133,0.036779653280973434,0.03837543725967407
L6H10,8,0.004157360177487135,0.004039153456687927,0.0001182065243483521,0.017945559695363045,0.017275232821702957,0.006876484490931034
L6H10,9,0.03722221776843071,0.03339579701423645,0.0038264202885329723,0.028854768723249435,0.03911172226071358,0.04587188735604286
L6H10,10,0.023025041446089745,0.019948305562138557,0.003076737280935049,0.025678804144263268,0.033063773065805435,0.03830529376864433
L6H10,11,0.014539476484060287,0.0052495780400931835,0.009289897046983242,0.0340171717107296,0.04176996648311615,0.044652871787548065
L6H10,12,-0.0042226240038871765,-0.016663480550050735,0.012440858408808708,0.05082216486334801,0.06711342185735703,0.06335387378931046
L6H10,13,0.06747088581323624,0.06758271902799606,-0.00011182134039700031,0.045440685003995895,0.06798122823238373,0.05724060907959938
L6H11,0,0.01024075411260128,0.004793411586433649,0.0054473415948450565,0.016855107620358467,0.021844159811735153,0.025014109909534454
L6H11,1,0.025374872609972954,0.007502595894038677,0.017872273921966553,0.03035660646855831,0.026823533698916435,0.033702436834573746
L6H11,2,0.021160539239645004,0.008916277438402176,0.012244262732565403,0.026774564757943153,0.030480585992336273,0.03290052339434624
L6H11,3,0.023457730188965797,0.007806790992617607,0.01565094105899334,0.027045728638768196,0.029256362468004227,0.0340997576713562
L6H11,4,0.022052709013223648,0.01275745127350092,0.009295256808400154,0.018903767690062523,0.02154156006872654,0.023154200986027718
L6H11,5,0.036187537014484406,0.02688015252351761,0.009307384490966797,0.03252793475985527,0.029031967744231224,0.03865380585193634
L6H11,6,0.04018480330705643,0.034064047038555145,0.006120756734162569,0.03161228075623512,0.032785564661026,0.03715338185429573
L6H11,7,0.0162774920463562,0.009486513212323189,0.006790980696678162,0.01520142424851656,0.016544897109270096,0.018192913383245468
L6H11,8,0.00044924631947651505,0.00038094152114354074,6.830482016084716e-05,0.0030781193636357784,0.0043478417210280895,0.004015354439616203
L6H11,9,0.0066186608746647835,0.0009078803122974932,0.005710780620574951,0.01568301022052765,0.01895770989358425,0.02205287478864193
L6H11,10,0.007504967041313648,0.0019154638284817338,0.005589503329247236,0.014907904900610447,0.01933378167450428,0.020266149193048477
L6H11,11,0.006180299445986748,-0.0013824295019730926,0.007562728598713875,0.019254310056567192,0.02159164287149906,0.025730784982442856
L6H11,12,0.008985918946564198,0.004380855709314346,0.004605064634233713,0.015915457159280777,0.021345727145671844,0.022775055840611458
L6H11,13,0.023948909714818,0.018655138090252876,0.005293771158903837,0.025716662406921387,0.02994750440120697,0.03569858521223068
L7H0,0,0.021672852337360382,0.02352767065167427,-0.001854818663559854,0.019640395417809486,0.022906268015503883,0.0274472888559103
L7H0,1,0.014530407264828682,0.01709122210741043,-0.0025608150754123926,0.02403721958398819,0.03452290594577789,0.036681994795799255
L7H0,2,0.03259698674082756,0.025524144992232323,0.007072846405208111,0.04542198032140732,0.05054575949907303,0.052814584225416183
L7H0,3,0.03277391567826271,0.018787717446684837,0.013986190780997276,0.049536362290382385,0.051892489194869995,0.04777762293815613
L7H0,4,0.02714940533041954,0.02257246896624565,0.004576936364173889,0.027331378310918808,0.028683749958872795,0.028307272121310234
L7H0,5,0.02407343126833439,0.025570709258317947,-0.0014972783392295241,0.04069402068853378,0.0418151393532753,0.029680734500288963
L7H0,6,0.09140511602163315,0.08115513622760773,0.010249986313283443,0.04447087645530701,0.042413175106048584,0.053554825484752655
L7H0,7,0.01992117241024971,0.02343161590397358,-0.0035104441922158003,0.01941697858273983,0.025250084698200226,0.024125080555677414
L7H0,8,0.0007304400205612183,0.0015741613460704684,-0.0008437213255092502,0.006330661475658417,0.008315552026033401,0.007733836770057678
L7H0,9,0.00811302661895752,0.01770785264670849,-0.009594828821718693,0.022868961095809937,0.031077437102794647,0.03413610905408859
L7H0,10,0.0018966778879985213,0.004284627269953489,-0.002387948799878359,0.02922368422150612,0.03923448175191879,0.03856362774968147
L7H0,11,0.004278363194316626,0.004489526152610779,-0.00021116255084052682,0.028131337836384773,0.030510103330016136,0.03084002435207367
L7H0,12,0.01125999353826046,0.01120082102715969,5.9173158660996705e-05,0.02208186686038971,0.023912103846669197,0.022916199639439583
L7H0,13,0.0212537981569767,0.02722524292767048,-0.005971447564661503,0.02805599942803383,0.03086654283106327,0.023493526503443718
L7H1,0,-0.004682046826928854,-0.004759600386023521,7.75519001763314e-05,0.01890445314347744,0.024057980626821518,0.024755233898758888
L7H1,1,0.008207273669540882,0.0023657651618123055,0.005841508507728577,0.043596357107162476,0.03521088883280754,0.03753374516963959
L7H1,2,-0.0003670886508189142,-0.0036546189803630114,0.0032875307369977236,0.027071023359894753,0.03111949749290943,0.02995554730296135
L7H1,3,0.011864234693348408,0.0034334647934883833,0.008430770598351955,0.029771536588668823,0.03213739022612572,0.02471003867685795
L7H1,4,0.026404771953821182,0.017693746834993362,0.00871102511882782,0.06969194859266281,0.05462484806776047,0.043080467730760574
L7H1,5,0.027168961241841316,0.02066466212272644,0.006504296790808439,0.06858178228139877,0.051758695393800735,0.04253028333187103
L7H1,6,0.06687641888856888,0.07793185859918594,-0.011055447161197662,0.05359111726284027,0.052390966564416885,0.03479005768895149
L7H1,7,0.07088957726955414,0.07949259877204895,-0.00860302522778511,0.05973834544420242,0.05179640278220177,0.045972663909196854
L7H1,8,0.01923554018139839,0.014968101866543293,0.004267435986548662,0.08569258451461792,0.06706298142671585,0.04160676896572113
L7H1,9,0.07801840454339981,0.0647720918059349,0.013246321119368076,0.15225408971309662,0.14353729784488678,0.10205060243606567
L7H1,10,0.05404921993613243,0.03923433646559715,0.014814887195825577,0.13567009568214417,0.1274876445531845,0.08899758756160736
L7H1,11,0.11719784140586853,0.13189373910427094,-0.014695894904434681,0.13030211627483368,0.12071194499731064,0.09782186150550842
L7H1,12,0.11235633492469788,0.12965010106563568,-0.017293769866228104,0.11723845452070236,0.1180240735411644,0.05701504647731781
L7H1,13,0.30118539929389954,0.35550105571746826,-0.054315660148859024,0.1389702558517456,0.14135396480560303,0.09265562146902084
L7H2,0,-0.0009575729491189122,-0.004871274810284376,0.003913700580596924,0.01864294894039631,0.025105219334363937,0.03154155984520912
L7H2,1,0.0007137377979233861,-0.004074665252119303,0.004788402933627367,0.019192848354578018,0.025940079241991043,0.032773930579423904
L7H2,2,0.001618054462596774,-0.0065519860945641994,0.008170041255652905,0.02160762995481491,0.030498502776026726,0.03853185102343559
L7H2,3,0.0016848534578457475,-0.003090683137997985,0.0047755371779203415,0.016009164974093437,0.02068193256855011,0.026350663974881172
L7H2,4,0.001586096128448844,-0.002529329853132367,0.004115425981581211,0.013908074237406254,0.01937292143702507,0.023872382938861847
L7H2,5,0.0020158051047474146,-0.0016724092420190573,0.0036882145795971155,0.014582998119294643,0.01795281656086445,0.022662892937660217
L7H2,6,0.004314047284424305,0.005377423949539661,-0.0010633757337927818,0.017384996637701988,0.024613723158836365,0.028992414474487305
L7H2,7,0.0142703577876091,0.018855726346373558,-0.004585368558764458,0.01853746362030506,0.020939873531460762,0.02185879275202751
L7H2,8,0.004329022020101547,0.002602886874228716,0.0017261354951187968,0.02000630833208561,0.015886198729276657,0.015319435857236385
L7H2,9,0.07557480782270432,0.026587732136249542,0.04898707568645477,0.13630874454975128,0.07762032002210617,0.13938266038894653
L7H2,10,0.07580525428056717,0.018764089792966843,0.05704116076231003,0.11169670522212982,0.08606751263141632,0.10773172974586487
L7H2,11,0.012602005153894424,0.00255970424041152,0.010042299516499043,0.05698533356189728,0.05400199815630913,0.056520868092775345
L7H2,12,0.12980616092681885,0.0937325656414032,0.03607359528541565,0.12441767752170563,0.09297291189432144,0.10182270407676697
L7H2,13,0.3559483289718628,0.7625784873962402,-0.4066302180290222,0.22257643938064575,0.3644585907459259,0.228306844830513
L7H3,0,-0.03019784763455391,-0.03801026567816734,0.0078124129213392735,0.027001842856407166,0.03089788183569908,0.03702323138713837
L7H3,1,-0.027083152905106544,-0.040831297636032104,0.01374814659357071,0.03960101306438446,0.038283880800008774,0.03975118696689606
L7H3,2,-0.036376047879457474,-0.049960650503635406,0.013584601692855358,0.042516086250543594,0.045926183462142944,0.050564203411340714
L7H3,3,-0.03281917795538902,-0.040020834654569626,0.00720165716484189,0.044672656804323196,0.037284839898347855,0.0396602563560009
L7H3,4,-0.031914882361888885,-0.03472394123673439,0.002809058642014861,0.05083189532160759,0.04292628914117813,0.04619460925459862
L7H3,5,-0.03662555664777756,-0.03487994894385338,-0.0017456092173233628,0.06757575273513794,0.060254648327827454,0.05037403106689453
L7H3,6,-0.09058219194412231,-0.10850991308689117,0.017927709966897964,0.04421798139810562,0.05121219903230667,0.04892447963356972
L7H3,7,-0.0537349209189415,-0.06644345819950104,0.01270853541791439,0.06104706972837448,0.058525826781988144,0.04882364720106125
L7H3,8,-0.0050856187008321285,-0.005982155445963144,0.0008965365123003721,0.021747786551713943,0.027995692566037178,0.014162860810756683
L7H3,9,-0.024898968636989594,-0.036998361349105835,0.01209939457476139,0.05327817425131798,0.04806133359670639,0.04962530732154846
L7H3,10,-0.013820989988744259,-0.02231995016336441,0.008498960174620152,0.060228634625673294,0.056732356548309326,0.05303005874156952
L7H3,11,-0.0016662554116919637,-0.011351246386766434,0.009684989228844643,0.08849340677261353,0.07175232470035553,0.07505416125059128
L7H3,12,-0.0033969786018133163,-0.022835636511445045,0.01943865604698658,0.08792740106582642,0.07836642116308212,0.07455161958932877
L7H3,13,-0.017012711614370346,-0.051621511578559875,0.03460879996418953,0.13348937034606934,0.1276213824748993,0.10328386723995209
L7H4,0,-0.018979692831635475,-0.021639950573444366,0.0026602575089782476,0.015893159434199333,0.019445408135652542,0.02472294121980667
L7H4,1,-0.01088100764900446,-0.014993871562182903,0.004112863913178444,0.022351037710905075,0.025155089795589447,0.026946265250444412
L7H4,2,0.0020980951376259327,-0.006644223351031542,0.008742318488657475,0.028174206614494324,0.03493797779083252,0.03274611756205559
L7H4,3,0.07038760930299759,0.04483165219426155,0.025555968284606934,0.0713803842663765,0.0687950998544693,0.06538965553045273
L7H4,4,0.007621488068252802,-0.00010172022302867845,0.007723208051174879,0.02494467981159687,0.025653306394815445,0.029100753366947174
L7H4,5,-0.0015016240067780018,-0.00584804592654109,0.004346421919763088,0.02039809338748455,0.023642972111701965,0.027375996112823486
L7H4,6,0.006041119806468487,-0.0050423932261765,0.011083513498306274,0.06956656277179718,0.07838071137666702,0.0971754863858223
L7H4,7,0.022390415892004967,0.011563732288777828,0.010826683603227139,0.039384931325912476,0.03607116639614105,0.04017377644777298
L7H4,8,-0.001884105266071856,-0.0009250897564925253,-0.0009590155677869916,0.008872313424944878,0.0055141756311059,0.007635770831257105
L7H4,9,-0.012615437619388103,-0.01508326455950737,0.0024678276386111975,0.018060315400362015,0.01908832974731922,0.022990725934505463
L7H4,10,-0.004247826058417559,-0.009268310852348804,0.005020483862608671,0.020966697484254837,0.022242242470383644,0.025344334542751312
L7H4,11,0.011747404001653194,0.0067993272095918655,0.004948076792061329,0.04120303690433502,0.044081155210733414,0.05087653920054436
L7H4,12,0.00023679713194724172,-0.0043865698389709,0.0046233669854700565,0.02024950459599495,0.021501122042536736,0.02491721138358116
L7H4,13,0.004805607255548239,0.00035449801362119615,0.004451110027730465,0.028432663530111313,0.031071094796061516,0.036190539598464966
L7H5,0,-0.017027461901307106,-0.027906933799386024,0.010879473760724068,0.020605333149433136,0.02686043083667755,0.028720034286379814
L7H5,1,-0.03790413215756416,-0.027636772021651268,-0.010267360135912895,0.06811433285474777,0.0468863844871521,0.05436934903264046
L7H5,2,0.006528667639940977,-0.0014719924656674266,0.008000660687685013,0.07978595793247223,0.07159069925546646,0.07106486707925797
L7H5,3,-0.003537573618814349,-0.0008166112238541245,-0.0027209625113755465,0.052898600697517395,0.045190755277872086,0.050513431429862976
L7H5,4,0.03010183945298195,0.018527375534176826,0.011574463918805122,0.07642404735088348,0.0565810389816761,0.051758356392383575
L7H5,5,0.1840233951807022,0.15624845027923584,0.02777494490146637,0.12476632744073868,0.11749975383281708,0.08730660378932953
L7H5,6,0.1504804491996765,0.13176505267620087,0.01871539279818535,0.11492180824279785,0.09298786520957947,0.08264172077178955
L7H5,7,0.046213023364543915,0.05210310220718384,-0.005890085827559233,0.07368521392345428,0.0636892020702362,0.04780540242791176
L7H5,8,0.005780323874205351,0.003800908802077174,0.0019794153049588203,0.02570400759577751,0.017460273578763008,0.014133574441075325
L7H5,9,0.06629107147455215,0.06246544420719147,0.003825634950771928,0.06683619320392609,0.0715753436088562,0.05238930135965347
L7H5,10,0.04106990247964859,0.034855857491493225,0.006214044988155365,0.05254929140210152,0.052444711327552795,0.03811287879943848
L7H5,11,0.04589604213833809,0.04613268002867699,-0.00023662990133743733,0.055303435772657394,0.056955114006996155,0.04272115230560303
L7H5,12,0.03171205893158913,0.029060566797852516,0.0026514900382608175,0.03917868435382843,0.04051096737384796,0.02989964559674263
L7H5,13,0.11240862309932709,0.10874246805906296,0.0036661610938608646,0.0847432091832161,0.07693130522966385,0.051985301077365875
L7H6,0,-0.05895889922976494,-0.05019582808017731,-0.008763069286942482,0.049466509371995926,0.04913399741053581,0.0566609762609005
L7H6,1,-0.06721707433462143,-0.06520495563745499,-0.002012119395658374,0.058187972754240036,0.058723289519548416,0.06776577234268188
L7H6,2,-0.07040729373693466,-0.06730272620916367,-0.0031045686919242144,0.06444770842790604,0.06737477332353592,0.07072968035936356
L7H6,3,-0.053209807723760605,-0.051799118518829346,-0.0014106894377619028,0.05478806793689728,0.05205613747239113,0.05876488238573074
L7H6,4,-0.0489509291946888,-0.03650609031319618,-0.012444837018847466,0.05495709553360939,0.05486646294593811,0.06467725336551666
L7H6,5,-0.06232156977057457,-0.05419923737645149,-0.008122339844703674,0.054392289370298386,0.05431545898318291,0.06219501420855522
L7H6,6,-0.09932146221399307,-0.07525045424699783,-0.02407100237905979,0.06039093807339668,0.05654502287507057,0.06558334082365036
L7H6,7,-0.12329920381307602,-0.0793481171131134,-0.04395108297467232,0.07978080958127975,0.07929188758134842,0.09957116097211838
L7H6,8,-0.006078074220567942,-0.006280479021370411,0.0002024047716986388,0.026781518012285233,0.02839166484773159,0.01637532189488411
L7H6,9,-0.08359979093074799,-0.06826075166463852,-0.015339042991399765,0.0761633813381195,0.07702208310365677,0.09068933129310608
L7H6,10,-0.07014048099517822,-0.05284064635634422,-0.0172998309135437,0.08691661059856415,0.08258985728025436,0.08641109615564346
L7H6,11,-0.08943340927362442,-0.06263213604688644,-0.026801273226737976,0.07513971626758575,0.07878009974956512,0.09223564714193344
L7H6,12,-0.14031058549880981,-0.08795866370201111,-0.05235191434621811,0.08713475614786148,0.09243999421596527,0.12198572605848312
L7H6,13,-0.34253212809562683,-0.24942588806152344,-0.09310626983642578,0.16070574522018433,0.1422329545021057,0.1756192445755005
L7H7,0,-0.007958920672535896,-0.0035897865891456604,-0.004369134083390236,0.016807634383440018,0.017682064324617386,0.022522451356053352
L7H7,1,-0.011000046506524086,-0.005423414520919323,-0.00557663245126605,0.03017600253224373,0.023885833099484444,0.026055529713630676
L7H7,2,-0.011793960817158222,-0.004900144878774881,-0.006893816404044628,0.022860651835799217,0.023708118125796318,0.027416368946433067
L7H7,3,-0.0036240005865693092,-0.0008058965904638171,-0.002818104112520814,0.028321105986833572,0.026990322396159172,0.024609893560409546
L7H7,4,0.005184391047805548,0.005069109611213207,0.00011528161849128082,0.025353901088237762,0.025195693597197533,0.019856035709381104
L7H7,5,0.006510656792670488,0.00305904820561409,0.003451608819887042,0.02327078767120838,0.020112870261073112,0.017068950459361076
L7H7,6,0.044657494872808456,0.04556514322757721,-0.0009076457936316729,0.03704788535833359,0.03199566528201103,0.024381784722208977
L7H7,7,-0.01309574767947197,-7.534189353464171e-05,-0.013020407408475876,0.04555556923151016,0.038854870945215225,0.030094679445028305
L7H7,8,0.0063827685080468655,0.005774569232016802,0.0006081991596147418,0.027583397924900055,0.025408010929822922,0.011135285720229149
L7H7,9,0.0036517095286399126,0.009999965317547321,-0.00634825648739934,0.06075626611709595,0.05810922384262085,0.043209388852119446
L7H7,10,0.01006606686860323,0.010886156000196934,-0.0008200900629162788,0.07995090633630753,0.05343897268176079,0.04423018544912338
L7H7,11,0.024684308096766472,0.024210184812545776,0.00047412572894245386,0.06824743747711182,0.06085727736353874,0.023271286860108376
L7H7,12,0.10002413392066956,0.08733896911144257,0.01268516294658184,0.08052442222833633,0.08099577575922012,0.043526627123355865
L7H7,13,0.31187134981155396,0.31129875779151917,0.0005726263043470681,0.13968133926391602,0.13827310502529144,0.08619731664657593
L7H8,0,0.007838461548089981,0.005019711796194315,0.0028187495190650225,0.024210384115576744,0.023878641426563263,0.02757895179092884
L7H8,1,0.009884364902973175,0.006562660448253155,0.003321704687550664,0.03071325272321701,0.025211013853549957,0.029199043288826942
L7H8,2,0.05591132864356041,0.0344056636095047,0.021505659446120262,0.056729137897491455,0.05363218113780022,0.055518943816423416
L7H8,3,0.04607624188065529,0.028734175488352776,0.017342066392302513,0.038817450404167175,0.04219719022512436,0.045229896903038025
L7H8,4,0.08147493004798889,0.058439627289772034,0.02303529717028141,0.09866073727607727,0.07234714180231094,0.07474662363529205
L7H8,5,0.13374237716197968,0.10258498787879944,0.031157372519373894,0.12319629639387131,0.0992463007569313,0.08184752613306046
L7H8,6,0.08941991627216339,0.08169862627983093,0.007721288595348597,0.05144001916050911,0.056992046535015106,0.041745807975530624
L7H8,7,0.06353327631950378,0.0622512623667717,0.0012820076663047075,0.043345365673303604,0.04734952747821808,0.03819752484560013
L7H8,8,0.0047742631286382675,0.00371523923240602,0.001059024129062891,0.02099846489727497,0.016888145357370377,0.010601989924907684
L7H8,9,0.018572060391306877,0.014525427483022213,0.004046632442623377,0.023541312664747238,0.024673962965607643,0.019173067063093185
L7H8,10,0.019317947328090668,0.01613522507250309,0.003182720160111785,0.022947151213884354,0.02866516262292862,0.03013809584081173
L7H8,11,0.026613574475049973,0.021070873364806175,0.005542702041566372,0.038434989750385284,0.03585374355316162,0.032894812524318695
L7H8,12,0.015789300203323364,0.025242986157536507,-0.009453687816858292,0.06391805410385132,0.059761881828308105,0.06278559565544128
L7H8,13,0.06352706253528595,0.062208231538534164,0.0013188308803364635,0.10841621458530426,0.0868019312620163,0.07614549249410629
L7H9,0,0.03898199647665024,0.03211956471204758,0.006862426642328501,0.023292984813451767,0.02531733736395836,0.027589101344347
L7H9,1,0.03690619021654129,0.03108593076467514,0.005820256192237139,0.027221238240599632,0.026010889559984207,0.029377685859799385
L7H9,2,0.04477396979928017,0.03779805451631546,0.00697591295465827,0.03838387131690979,0.03450736030936241,0.034630488604307175
L7H9,3,0.028276920318603516,0.02547210268676281,0.0028048139065504074,0.028181197121739388,0.02726953849196434,0.028505051508545876
L7H9,4,0.03801986575126648,0.03128192946314812,0.006737935822457075,0.029967281967401505,0.02602861262857914,0.026160473003983498
L7H9,5,0.03755171224474907,0.03312914818525314,0.004422562196850777,0.0355803556740284,0.026634402573108673,0.03126370161771774
L7H9,6,0.05872549116611481,0.040235333144664764,0.018490156158804893,0.04194663465023041,0.036098748445510864,0.03382103517651558
L7H9,7,0.026189686730504036,0.01814982108771801,0.008039864711463451,0.017533892765641212,0.01754448376595974,0.01960686780512333
L7H9,8,-0.00012992159463465214,0.0009436801774427295,-0.0010736016556620598,0.007122281938791275,0.008742593228816986,0.011165629141032696
L7H9,9,0.02193799987435341,0.01629750058054924,0.00564049556851387,0.025262346491217613,0.024440240114927292,0.029274147003889084
L7H9,10,0.019397012889385223,0.013353008776903152,0.00604400597512722,0.024204129353165627,0.028138726949691772,0.031444478780031204
L7H9,11,0.009653550572693348,0.004239951726049185,0.005413598380982876,0.02541431598365307,0.027329357340931892,0.03373754769563675
L7H9,12,0.019713062793016434,0.009054485708475113,0.010658575221896172,0.023151511326432228,0.02332703396677971,0.027717866003513336
L7H9,13,-0.008221392519772053,-0.049935538321733475,0.041714146733284,0.05501721054315567,0.058384690433740616,0.07460472732782364
L7H10,0,0.011102271266281605,0.00948251411318779,0.0016197561053559184,0.017368635162711143,0.025826871395111084,0.0308420080691576
L7H10,1,0.011851822957396507,0.008888402953743935,0.0029634209349751472,0.018040325492620468,0.027393151074647903,0.032514944672584534
L7H10,2,0.013391999527812004,0.009821303188800812,0.0035706970375031233,0.019622838124632835,0.031102340668439865,0.03598279133439064
L7H10,3,0.010652719996869564,0.0074040708132088184,0.0032486494164913893,0.014992453157901764,0.021735459566116333,0.025868577882647514
L7H10,4,0.009309756569564342,0.006949624512344599,0.0023601318243891,0.012953069992363453,0.019809391349554062,0.023098042234778404
L7H10,5,0.009517467580735683,0.006875209044665098,0.0026422576047480106,0.015080481767654419,0.01914406381547451,0.022738438099622726
L7H10,6,0.01132979616522789,0.01460668072104454,-0.003276884788647294,0.015133865177631378,0.022703813388943672,0.02700810879468918
L7H10,7,0.021272243931889534,0.0324275940656662,-0.01115534920245409,0.017985891550779343,0.032457202672958374,0.029836945235729218
L7H10,8,0.001837208867073059,0.001458516693674028,0.00037869237712584436,0.013788812793791294,0.01034840103238821,0.015604745596647263
L7H10,9,0.22309286892414093,0.03157490864396095,0.19151796400547028,0.2445945292711258,0.19777317345142365,0.2860376536846161
L7H10,10,0.17959260940551758,0.021146206185221672,0.15844641625881195,0.157659649848938,0.1388728767633438,0.19373677670955658
L7H10,11,0.025712313130497932,0.030879279598593712,-0.00516696460545063,0.06347417831420898,0.05967153608798981,0.06551852077245712
L7H10,12,0.031366415321826935,0.05088644102215767,-0.019520027562975883,0.0977274626493454,0.10210853070020676,0.1021578386425972
L7H10,13,0.15984919667243958,0.7367656826972961,-0.5769164562225342,0.12490945309400558,0.26614704728126526,0.25650450587272644
L7H11,0,0.01872599869966507,0.015420190989971161,0.0033058058470487595,0.026490313932299614,0.02652999386191368,0.02482040971517563
L7H11,1,0.020574232563376427,0.01673869974911213,0.0038355349097400904,0.027447523549199104,0.027957649901509285,0.026017634198069572
L7H11,2,0.02636519819498062,0.021617906168103218,0.004747292492538691,0.02978445217013359,0.03305413946509361,0.028410015627741814
L7H11,3,0.022685721516609192,0.01907183602452278,0.0036138882860541344,0.02914789319038391,0.02912578359246254,0.023180894553661346
L7H11,4,0.015203462913632393,0.012586556375026703,0.0026169070042669773,0.021334771066904068,0.02082868479192257,0.019460830837488174
L7H11,5,0.016297854483127594,0.013328724540770054,0.0029691325034946203,0.019160617142915726,0.021133268252015114,0.017977187409996986
L7H11,6,0.029428090900182724,0.027513401582837105,0.001914688851684332,0.028364159166812897,0.02662009559571743,0.024932226166129112
L7H11,7,0.019675105810165405,0.015427952632308006,0.0042471494525671005,0.02162002958357334,0.01974944956600666,0.019271284341812134
L7H11,8,0.0018886432517319918,0.0013378704898059368,0.0005507726455107331,0.008144945837557316,0.006833364721387625,0.005809021648019552
L7H11,9,0.022102966904640198,0.01727229170501232,0.004830673802644014,0.029412025585770607,0.027649616822600365,0.026185834780335426
L7H11,10,0.02277090959250927,0.018139125779271126,0.004631781484931707,0.0362878181040287,0.0392572283744812,0.02132004126906395
L7H11,11,0.010116085410118103,0.007571589667350054,0.002544495277106762,0.0185477863997221,0.018992874771356583,0.018498443067073822
L7H11,12,0.012983118183910847,0.011688567698001862,0.001294549903832376,0.023643748834729195,0.02538546919822693,0.025014784187078476
L7H11,13,0.1508246511220932,0.16201750934123993,-0.011192849837243557,0.08280618488788605,0.09189785271883011,0.03875799477100372
L8H0,0,-0.023709602653980255,-0.0238172747194767,0.00010767155617941171,0.018368996679782867,0.027913933619856834,0.030593901872634888
L8H0,1,-0.023495834320783615,-0.017741914838552475,-0.0057539199478924274,0.023127619177103043,0.033399201929569244,0.039371754974126816
L8H0,2,-0.03185620531439781,-0.020632294937968254,-0.011223910376429558,0.03034478984773159,0.03901570662856102,0.042649589478969574
L8H0,3,-0.021686872467398643,-0.013655454851686954,-0.008031420409679413,0.025905350223183632,0.029782244935631752,0.03666941821575165
L8H0,4,-0.009719215333461761,-0.006626857444643974,-0.0030923576559871435,0.022350184619426727,0.029257116839289665,0.034580375999212265
L8H0,5,-0.01168250385671854,-0.009185673668980598,-0.00249683135189116,0.019679827615618706,0.0319453664124012,0.034991711378097534
L8H0,6,-0.014265070669353008,-0.018500398844480515,0.004235330503433943,0.020610127598047256,0.03130903095006943,0.03485561162233353
L8H0,7,-0.019186919555068016,-0.014774325303733349,-0.004412596579641104,0.018915878608822823,0.02271246910095215,0.027641020715236664
L8H0,8,-0.0006097109871916473,-0.0023877753410488367,0.0017780644120648503,0.004778487607836723,0.011591020971536636,0.009932279586791992
L8H0,9,-0.01916963793337345,-0.015951426699757576,-0.0032182103022933006,0.027796920388936996,0.031969111412763596,0.03891439363360405
L8H0,10,-0.016386954113841057,-0.010901176370680332,-0.0054857791401445866,0.02833613008260727,0.03080078586935997,0.03715817630290985
L8H0,11,-0.009558952413499355,-0.005934019107371569,-0.0036249342374503613,0.03327398747205734,0.032645951956510544,0.03916515037417412
L8H0,12,-0.0020807073451578617,-0.001138876425102353,-0.0009418317931704223,0.029400939121842384,0.035970211029052734,0.0418558195233345
L8H0,13,-0.015254498459398746,-0.01685878448188305,0.001604282995685935,0.04157821089029312,0.055191390216350555,0.06326964497566223
L8H1,0,0.01077241450548172,0.014710165560245514,-0.003937752451747656,0.015046126209199429,0.020536355674266815,0.024477897211909294
L8H1,1,0.012980944477021694,0.016784006729722023,-0.0038030596915632486,0.01706821098923683,0.02223866432905197,0.026069168001413345
L8H1,2,0.013677772134542465,0.01705636829137802,-0.003378594759851694,0.017945460975170135,0.025724366307258606,0.029303472489118576
L8H1,3,0.012049204669892788,0.013221988454461098,-0.0011727830860763788,0.016155442222952843,0.01724378392100334,0.02193428762257099
L8H1,4,0.01113871019333601,0.012947973795235157,-0.0018092641839757562,0.01281842403113842,0.016038285568356514,0.01960662752389908
L8H1,5,0.008272634819149971,0.010978096164762974,-0.002705463208258152,0.012117180041968822,0.016263524070382118,0.01853995956480503
L8H1,6,0.021108027547597885,0.02961624041199684,-0.008508212864398956,0.017970550805330276,0.021494558081030846,0.023699132725596428
L8H1,7,0.015171458944678307,0.01780109852552414,-0.00262964004650712,0.012620503082871437,0.016350718215107918,0.019442183896899223
L8H1,8,0.0031668671872466803,0.0033622344490140676,-0.00019536723266355693,0.015027351677417755,0.016291748732328415,0.00915137492120266
L8H1,9,0.03893455117940903,0.026132304221391678,0.012802247889339924,0.04700200632214546,0.048606596887111664,0.04237715154886246
L8H1,10,0.024943983182311058,0.01509909052401781,0.009844890795648098,0.04619854688644409,0.04291313886642456,0.04594121500849724
L8H1,11,0.01993795484304428,0.02191244252026081,-0.001974487444385886,0.05068853124976158,0.050398338586091995,0.04471054673194885
L8H1,12,0.010949824936687946,0.010654623620212078,0.0002952008799184114,0.07453152537345886,0.09101986140012741,0.0863705649971962
L8H1,13,0.18966060876846313,0.2943439483642578,-0.10468334704637527,0.10516264289617538,0.1515801101922989,0.08879470825195312
L8H2,0,-0.016283109784126282,-0.007648068014532328,-0.008635040372610092,0.029240073636174202,0.028717471286654472,0.03405565768480301
L8H2,1,-0.007027416490018368,-0.007747290190309286,0.0007198738167062402,0.034925464540719986,0.03425636142492294,0.03794774040579796
L8H2,2,-0.0003104661882389337,-0.0012392618227750063,0.0009287948487326503,0.04914466291666031,0.03637081757187843,0.04819893464446068
L8H2,3,0.05795828625559807,0.02534375712275505,0.03261452540755272,0.08160330355167389,0.05216225981712341,0.06784070283174515
L8H2,4,0.08111324906349182,0.04577597975730896,0.035337261855602264,0.07439491897821426,0.042422786355018616,0.0709850862622261
L8H2,5,0.11699264496564865,0.06474898010492325,0.0522436760365963,0.09282782673835754,0.060506176203489304,0.07945500314235687
L8H2,6,0.07723931968212128,0.07040026783943176,0.006839060690253973,0.06586795300245285,0.058196693658828735,0.06529360264539719
L8H2,7,0.09665124863386154,0.09193313866853714,0.004718100186437368,0.07442785799503326,0.07127135246992111,0.07286146283149719
L8H2,8,0.002773336134850979,0.0036351527087390423,-0.0008618169813416898,0.013785517774522305,0.017688238993287086,0.009259283542633057
L8H2,9,0.03984161466360092,0.03989844396710396,-5.6823093473212793e-05,0.05031537637114525,0.04304822161793709,0.040530137717723846
L8H2,10,0.039029959589242935,0.039244167506694794,-0.00021421245764940977,0.05134591832756996,0.044422149658203125,0.039523959159851074
L8H2,11,0.13014540076255798,0.12143278121948242,0.00871260929852724,0.08520940691232681,0.07111544907093048,0.0774904116988182
L8H2,12,0.08010561764240265,0.0847974568605423,-0.004691844340413809,0.07747330516576767,0.07488474249839783,0.07982686907052994
L8H2,13,0.05506427586078644,0.054067809134721756,0.000996459973976016,0.06387506425380707,0.05445021018385887,0.05464769899845123
L8H3,0,0.00707668112590909,0.007626391015946865,-0.0005497082602232695,0.01877722516655922,0.025094449520111084,0.028783628717064857
L8H3,1,0.005829351954162121,0.012215775437653065,-0.006386423483490944,0.020256638526916504,0.031955741345882416,0.03472374007105827
L8H3,2,0.009887400083243847,0.01278606802225113,-0.002898667473345995,0.019868025556206703,0.03217612951993942,0.03359528258442879
L8H3,3,0.011424493975937366,0.014833190478384495,-0.003408698597922921,0.02082700841128826,0.028942881152033806,0.03296405076980591
L8H3,4,0.04121274873614311,0.033527154475450516,0.00768559705466032,0.10038967430591583,0.07336127758026123,0.054365236312150955
L8H3,5,0.06300438195466995,0.0470268689095974,0.015977509319782257,0.11155915260314941,0.08400263637304306,0.06640871614217758
L8H3,6,0.035581912845373154,0.03171425312757492,0.003867661114782095,0.03231874108314514,0.027880553156137466,0.034986913204193115
L8H3,7,0.050141606479883194,0.05588918179273605,-0.005747572984546423,0.055135875940322876,0.05865570157766342,0.06099836528301239
L8H3,8,0.010657205246388912,0.008529281243681908,0.002127924235537648,0.045704685151576996,0.03660932183265686,0.018809238448739052
L8H3,9,0.05056549608707428,0.03945957124233246,0.011105922050774097,0.04740834981203079,0.05372953042387962,0.059661947190761566
L8H3,10,0.028570212423801422,0.021636543795466423,0.006933665368705988,0.03071235865354538,0.038268111646175385,0.04112986475229263
L8H3,11,0.03977726027369499,0.03443123400211334,0.0053460318595170975,0.03679347038269043,0.030099060386419296,0.03286517411470413
L8H3,12,0.039484381675720215,0.04188472777605057,-0.00240034400485456,0.03127327933907509,0.04228423163294792,0.031281303614377975
L8H3,13,0.10558400303125381,0.10252551734447479,0.003058479167521,0.0732012391090393,0.06400031596422195,0.05284389480948448
L8H4,0,0.040294453501701355,0.028303012251853943,0.01199144497513771,0.018476219847798347,0.0222858227789402,0.02222612127661705
L8H4,1,0.03776027634739876,0.026833031326532364,0.010927243158221245,0.025143293663859367,0.025594331324100494,0.026054253801703453
L8H4,2,0.047621291130781174,0.037053871899843216,0.010567422956228256,0.036766279488801956,0.03724874183535576,0.03543245792388916
L8H4,3,0.03398284688591957,0.02461935207247734,0.009363495744764805,0.022319287061691284,0.027135616168379784,0.02463068626821041
L8H4,4,0.038910865783691406,0.02922876365482807,0.009682098403573036,0.026624107733368874,0.026025699451565742,0.024766968563199043
L8H4,5,0.044359397143125534,0.03550344333052635,0.008855949155986309,0.02896123379468918,0.028875166550278664,0.02946397103369236
L8H4,6,0.052447669208049774,0.04800478368997574,0.004442882724106312,0.03359580039978027,0.04496239870786667,0.05315808951854706
L8H4,7,0.028104471042752266,0.020268050953745842,0.007836418226361275,0.012057392857968807,0.013864120468497276,0.014727910980582237
L8H4,8,0.0017112093046307564,0.002022291300818324,-0.00031108185066841543,0.007260529790073633,0.008501979522407055,0.003475411795079708
L8H4,9,0.0361945666372776,0.02778034098446369,0.008414221927523613,0.01605532132089138,0.018063049763441086,0.018378175795078278
L8H4,10,0.03440794721245766,0.025774942710995674,0.008633003570139408,0.021142663434147835,0.01981402188539505,0.02049076184630394
L8H4,11,0.03926517814397812,0.033243026584386826,0.006022149696946144,0.023067962378263474,0.02375589869916439,0.025311779230833054
L8H4,12,0.030701618641614914,0.0235595703125,0.007142048329114914,0.01592993177473545,0.01704336889088154,0.01768139749765396
L8H4,13,0.04728312790393829,0.04122254624962807,0.00606058444827795,0.027434738352894783,0.03139622136950493,0.022772137075662613
L8H5,0,-0.005936557427048683,-0.00791933573782444,0.001982778776437044,0.017185665667057037,0.02512742206454277,0.026811763644218445
L8H5,1,0.0016068043187260628,-0.0009278886718675494,0.002534693107008934,0.021877121180295944,0.032846346497535706,0.03439648449420929
L8H5,2,0.02095423825085163,0.013532624579966068,0.007421613205224276,0.03555158153176308,0.04578213766217232,0.04414082691073418
L8H5,3,0.04128401726484299,0.03724830225110054,0.0040357159450650215,0.04344940930604935,0.051831867545843124,0.052341509610414505
L8H5,4,0.05522952228784561,0.05851637199521065,-0.0032868485432118177,0.03365170210599899,0.04367639124393463,0.04309890791773796
L8H5,5,0.07862458378076553,0.07782450318336487,0.0008000766392797232,0.04682797193527222,0.04730461165308952,0.049430739134550095
L8H5,6,0.12088293582201004,0.11938712745904922,0.0014958076644688845,0.07101882994174957,0.07220771163702011,0.06866494566202164
L8H5,7,0.02778019942343235,0.030588913708925247,-0.0028087138198316097,0.03731266409158707,0.035017844289541245,0.03129718452692032
L8H5,8,0.002792124170809984,0.002685503801330924,0.0001066200784407556,0.02000725269317627,0.015453178435564041,0.01677505113184452
L8H5,9,0.00967598706483841,0.011592407710850239,-0.001916419598273933,0.0429345928132534,0.042974431067705154,0.03970989212393761
L8H5,10,0.012570287100970745,0.006901211570948362,0.005669075064361095,0.050319936126470566,0.05559028312563896,0.04830435663461685
L8H5,11,0.019616451114416122,0.023105407133698463,-0.0034889548551291227,0.061732906848192215,0.06295469403266907,0.05994953587651253
L8H5,12,0.044704169034957886,0.06101209670305252,-0.016307929530739784,0.07954192161560059,0.07650292664766312,0.08828195929527283
L8H5,13,0.046602215617895126,0.08685092628002167,-0.04024871438741684,0.11536995321512222,0.10626909881830215,0.13872987031936646
L8H6,0,-0.0004213761130813509,-0.007509395480155945,0.007088019512593746,0.025976689532399178,0.030498256906867027,0.027646852657198906
L8H6,1,0.015128562226891518,0.003277186304330826,0.011851375922560692,0.03298481926321983,0.0431930236518383,0.03970065712928772
L8H6,2,0.02584932930767536,0.008144502528011799,0.017704825848340988,0.029996570199728012,0.0383688323199749,0.03964686393737793
L8H6,3,0.04148263484239578,0.02123580314218998,0.020246827974915504,0.039889562875032425,0.03907456621527672,0.03842141479253769
L8H6,4,0.019743243232369423,0.008681518957018852,0.011061725206673145,0.03468218073248863,0.03422956168651581,0.02523164451122284
L8H6,5,0.020250998437404633,0.010555362328886986,0.009695635177195072,0.03400225192308426,0.03274349123239517,0.021546022966504097
L8H6,6,0.04281635209918022,0.036414120346307755,0.006402233615517616,0.04145916551351547,0.04299939051270485,0.024014057591557503
L8H6,7,0.02642037160694599,0.018375352025032043,0.008045021444559097,0.04599747806787491,0.045545317232608795,0.04966091364622116
L8H6,8,0.005976945161819458,0.00412847101688385,0.0018484736792743206,0.02724112570285797,0.02035406418144703,0.017093272879719734
L8H6,9,0.06527639180421829,0.044250357896089554,0.021026039496064186,0.06281561404466629,0.062411192804574966,0.05034639313817024
L8H6,10,0.06610897928476334,0.044440869241952896,0.021668102592229843,0.10870423913002014,0.0982694998383522,0.042552247643470764
L8H6,11,0.06663581728935242,0.05226126313209534,0.014374553225934505,0.05906800180673599,0.05703112855553627,0.04443659633398056
L8H6,12,0.026468608528375626,0.030460653826594353,-0.003992041107267141,0.08671307563781738,0.08098536729812622,0.048927437514066696
L8H6,13,0.7362316250801086,0.8025416135787964,-0.06631006300449371,0.33000659942626953,0.3529009222984314,0.13494183123111725
L8H7,0,-0.030550094321370125,-0.02814689464867115,-0.00240320130251348,0.03574196249246597,0.036535900086164474,0.03259565308690071
L8H7,1,-0.048834364861249924,-0.050161976367235184,0.0013276173267513514,0.06520029902458191,0.05873783305287361,0.045044030994176865
L8H7,2,-0.05085640400648117,-0.05125819519162178,0.0004017876635771245,0.06295543164014816,0.056811895221471786,0.04160062223672867
L8H7,3,-0.03611503541469574,-0.04205617308616638,0.005941142328083515,0.06513094902038574,0.06429321318864822,0.04715493693947792
L8H7,4,0.010001539252698421,0.002848368138074875,0.007153170183300972,0.06538332998752594,0.059492453932762146,0.042289502918720245
L8H7,5,0.1625467985868454,0.15686823427677155,0.005678551271557808,0.103077232837677,0.10839565098285675,0.06874996423721313
L8H7,6,0.3012230396270752,0.2926657795906067,0.008557245135307312,0.14185167849063873,0.15999983251094818,0.09941114485263824
L8H7,7,-0.014753531664609909,-0.014054408296942711,-0.0006991238915361464,0.025327935814857483,0.02694501169025898,0.022205775603652
L8H7,8,0.0018281769007444382,0.0006318361265584826,0.0011963410070165992,0.012580388225615025,0.008722690865397453,0.010930001735687256
L8H7,9,-0.026831289753317833,-0.024350319057703018,-0.0024809734895825386,0.06115010380744934,0.061912182718515396,0.036573249846696854
L8H7,10,-0.023718582466244698,-0.01753457821905613,-0.006184004712849855,0.042721085250377655,0.044730670750141144,0.03324448689818382
L8H7,11,-0.014090720564126968,-0.014065345749258995,-2.5374562028446235e-05,0.04789863899350166,0.04821497201919556,0.030629590153694153
L8H7,12,0.026256265118718147,0.019408605992794037,0.006847659591585398,0.04429766535758972,0.04585089534521103,0.03269419074058533
L8H7,13,0.17379258573055267,0.18209953606128693,-0.008306936360895634,0.10542795062065125,0.1135009303689003,0.04893846809864044
L8H8,0,0.002231994643807411,-0.0007437614840455353,0.002975755836814642,0.016542192548513412,0.020764358341693878,0.021247418597340584
L8H8,1,0.015706747770309448,0.0031181261874735355,0.012588621117174625,0.09000398963689804,0.06190795078873634,0.05683041736483574
L8H8,2,0.02072705514729023,0.011278397403657436,0.009448658674955368,0.0640813559293747,0.04957627132534981,0.044940438121557236
L8H8,3,0.024895045906305313,0.012444539926946163,0.012450505048036575,0.06607602536678314,0.05190238729119301,0.046648621559143066
L8H8,4,0.11505142599344254,0.08329831808805466,0.031753119081258774,0.2901819050312042,0.2080877125263214,0.15105631947517395
L8H8,5,0.18643128871917725,0.1450103372335434,0.041420936584472656,0.29408353567123413,0.2050916850566864,0.17003697156906128
L8H8,6,0.13196974992752075,0.12286542356014252,0.009104314260184765,0.1718052625656128,0.13440430164337158,0.08073915541172028
L8H8,7,0.15418265759944916,0.14514444768428802,0.00903820339590311,0.17674115300178528,0.14850200712680817,0.08140245825052261
L8H8,8,0.03567987680435181,0.029893144965171814,0.005786734167486429,0.15522925555706024,0.1276170015335083,0.05308645963668823
L8H8,9,0.10602416843175888,0.0969567745923996,0.009067388251423836,0.13422663509845734,0.10960733145475388,0.05852019786834717
L8H8,10,0.06451208144426346,0.061581406742334366,0.0029306847136467695,0.09006644785404205,0.0849771723151207,0.03417030721902847
L8H8,11,0.18376868963241577,0.19218990206718445,-0.008421204052865505,0.1387176513671875,0.10918103903532028,0.07870711386203766
L8H8,12,0.14613741636276245,0.15244926512241364,-0.006311834789812565,0.11036939173936844,0.10463430732488632,0.05507320538163185
L8H8,13,0.22953473031520844,0.23038887977600098,-0.0008541680872440338,0.2916371524333954,0.2576240599155426,0.10723833739757538
L8H9,0,-0.023912062868475914,-0.02197493240237236,-0.0019371324451640248,0.03495857119560242,0.03473136946558952,0.04243335500359535
L8H9,1,-0.04245459660887718,-0.033974211663007736,-0.008480383083224297,0.06613735854625702,0.0471445731818676,0.05938379094004631
L8H9,2,-0.03526186943054199,-0.023747343569993973,-0.011514528654515743,0.05957313999533653,0.0509868748486042,0.05984809622168541
L8H9,3,-0.029157692566514015,-0.015697816386818886,-0.013459877111017704,0.07574772089719772,0.0599135085940361,0.07232651114463806
L8H9,4,-0.03204328194260597,-0.01687324419617653,-0.015170037746429443,0.08100607991218567,0.06957760453224182,0.06405680626630783
L8H9,5,-0.04452698677778244,-0.025405947118997574,-0.019121035933494568,0.0878724455833435,0.07369722425937653,0.07152191549539566
L8H9,6,-0.05972885340452194,-0.04704120010137558,-0.01268764864653349,0.07682197540998459,0.06673648953437805,0.07763195782899857
L8H9,7,-0.059147633612155914,-0.04068060964345932,-0.018467023968696594,0.07903449982404709,0.08153312653303146,0.08699727058410645
L8H9,8,-0.012610741890966892,-0.010136165656149387,-0.0024745757691562176,0.05588601902127266,0.04616447538137436,0.02271973341703415
L8H9,9,-0.022922372445464134,-0.01332119945436716,-0.009601175785064697,0.059977445751428604,0.053128838539123535,0.060796916484832764
L8H9,10,-0.01834392361342907,-0.009537084959447384,-0.008806837722659111,0.045462485402822495,0.039095550775527954,0.045030806213617325
L8H9,11,-0.03714749962091446,-0.016701590269804,-0.02044590935111046,0.07860367745161057,0.07195958495140076,0.07471901178359985
L8H9,12,-0.03046196885406971,-0.019756555557250977,-0.010705415159463882,0.06449805945158005,0.06718729436397552,0.07099645584821701
L8H9,13,-0.049334920942783356,-0.040079135447740555,-0.009255785495042801,0.08035352826118469,0.07416445761919022,0.07656504213809967
L8H10,0,0.017365144565701485,0.012963404878973961,0.0044017392210662365,0.027551058679819107,0.040877606719732285,0.042001575231552124
L8H10,1,-0.005442940164357424,-0.0008594650425948203,-0.0045834751799702644,0.0852920264005661,0.08465999364852905,0.07637651264667511
L8H10,2,-0.0512724444270134,-0.022801300510764122,-0.028471149504184723,0.0764569640159607,0.07519818097352982,0.07543744891881943
L8H10,3,-0.09099920839071274,-0.04661872982978821,-0.04438048228621483,0.08847687393426895,0.08685289323329926,0.08343150466680527
L8H10,4,-0.12094186991453171,-0.08860602229833603,-0.03233584761619568,0.14179688692092896,0.12529203295707703,0.07666059583425522
L8H10,5,-0.26550325751304626,-0.21421651542186737,-0.0512867271900177,0.17380841076374054,0.13824380934238434,0.10821986198425293
L8H10,6,-0.45018893480300903,-0.46432948112487793,0.014140545390546322,0.1727464348077774,0.16747917234897614,0.11069604754447937
L8H10,7,-0.2469933182001114,-0.232180655002594,-0.014812671579420567,0.12762637436389923,0.11742566525936127,0.08319149166345596
L8H10,8,-0.050884880125522614,-0.04595104604959488,-0.004933831747621298,0.2162165641784668,0.19283270835876465,0.07069262862205505
L8H10,9,-0.23166513442993164,-0.18443788588047028,-0.047227248549461365,0.14176787436008453,0.13456226885318756,0.10414539277553558
L8H10,10,-0.17492276430130005,-0.13397014141082764,-0.04095263406634331,0.11691296100616455,0.11978620290756226,0.09503599256277084
L8H10,11,-0.3036978542804718,-0.2799133062362671,-0.023784538730978966,0.13733811676502228,0.1285943239927292,0.1163007915019989
L8H10,12,-0.37792471051216125,-0.3727870285511017,-0.005137658212333918,0.19429399073123932,0.22742272913455963,0.13378781080245972
L8H10,13,-1.2135124206542969,-1.3435781002044678,0.13006578385829926,0.4293901324272156,0.4696137011051178,0.23910881578922272
L8H11,0,-0.01655462011694908,-0.0007875004084780812,-0.01576712168753147,0.03437259420752525,0.04902881756424904,0.05002201348543167
L8H11,1,0.03703060746192932,0.011881249956786633,0.025149352848529816,0.07910794019699097,0.06008695065975189,0.09413320571184158
L8H11,2,0.23748941719532013,0.01622489094734192,0.22126451134681702,0.2557714879512787,0.126145139336586,0.2654837369918823
L8H11,3,0.17932617664337158,0.02143484726548195,0.15789133310317993,0.18523009121418,0.10879908502101898,0.18412840366363525
L8H11,4,0.1955942064523697,0.023429958149790764,0.17216426134109497,0.16458407044410706,0.074208565056324,0.16801567375659943
L8H11,5,0.6476823687553406,0.047046151012182236,0.6006361842155457,0.47268423438072205,0.17671330273151398,0.49832403659820557
L8H11,6,0.06251109391450882,0.20492428541183472,-0.1424131691455841,0.08373802900314331,0.18125499784946442,0.1787058711051941
L8H11,7,0.07943810522556305,0.0842401385307312,-0.004802037496119738,0.05811420455574989,0.061803869903087616,0.07415788620710373
L8H11,8,0.005120559129863977,0.012956815771758556,-0.00783625803887844,0.03772369399666786,0.061582282185554504,0.04341142624616623
L8H11,9,0.14352846145629883,0.07426255941390991,0.06926589459180832,0.1243055909872055,0.08577246963977814,0.13094757497310638
L8H11,10,0.1158381924033165,0.05585763230919838,0.059980567544698715,0.10380861908197403,0.08546141535043716,0.10829737037420273
L8H11,11,0.07668691128492355,0.0958021804690361,-0.019115256145596504,0.06509491056203842,0.09792984277009964,0.09432780742645264
L8H11,12,0.07060092687606812,0.08124835044145584,-0.010647425428032875,0.0763307511806488,0.09692303091287613,0.10242848098278046
L8H11,13,0.1893935650587082,0.15513671934604645,0.03425686061382294,0.17738255858421326,0.1529710292816162,0.23286275565624237
L9H0,0,-0.000735476438421756,0.0021537223365157843,-0.0028891987167298794,0.01770475134253502,0.023176556453108788,0.026451475918293
L9H0,1,0.029871009290218353,0.008124818094074726,0.021746192127466202,0.09895861893892288,0.05493752285838127,0.11367593705654144
L9H0,2,0.016845136880874634,0.00873322132974863,0.008111914619803429,0.08293461054563522,0.066689632833004,0.10580437630414963
L9H0,3,0.060371033847332,0.023593859747052193,0.03677717596292496,0.16695278882980347,0.08634522557258606,0.14318910241127014
L9H0,4,0.09941530227661133,0.0482422299683094,0.05117306858301163,0.21650102734565735,0.13360294699668884,0.14204269647598267
L9H0,5,0.17139340937137604,0.08504358679056168,0.08634981513023376,0.41475629806518555,0.2558993101119995,0.26354628801345825
L9H0,6,0.050170332193374634,0.04870851710438728,0.0014618177665397525,0.18660478293895721,0.1430634707212448,0.09904143959283829
L9H0,7,0.12286244332790375,0.0923321321606636,0.03053031861782074,0.3078349232673645,0.24085457623004913,0.1476619690656662
L9H0,8,0.006995100062340498,0.0036564671900123358,0.0033386326394975185,0.03697967529296875,0.026859266683459282,0.031756166368722916
L9H0,9,0.10951581597328186,0.08288582414388657,0.026629986241459846,0.32187575101852417,0.26404866576194763,0.12051744759082794
L9H0,10,0.04860856011509895,0.038640376180410385,0.009968184866011143,0.21913862228393555,0.16830496490001678,0.07805892825126648
L9H0,11,0.11584104597568512,0.08859064429998398,0.02725040726363659,0.25867676734924316,0.20816439390182495,0.14572331309318542
L9H0,12,0.09214819967746735,0.07730817049741745,0.014840024523437023,0.26934874057769775,0.2200600802898407,0.15542393922805786
L9H0,13,0.17164191603660583,0.17910075187683105,-0.007458825130015612,0.46838122606277466,0.4540623426437378,0.14386966824531555
L9H1,0,0.01529284194111824,0.016852879896759987,-0.0015600405167788267,0.01777534745633602,0.021471483632922173,0.022674905136227608
L9H1,1,0.01712956093251705,0.017388248816132545,-0.0002586881455499679,0.02083933725953102,0.021779995411634445,0.025556420907378197
L9H1,2,0.019623570144176483,0.021145662292838097,-0.0015220941277220845,0.02388729341328144,0.027520647272467613,0.027381902560591698
L9H1,3,0.016276052221655846,0.015487578697502613,0.0007884746300987899,0.01726677268743515,0.018660828471183777,0.021140990778803825
L9H1,4,0.014432377181947231,0.0156518816947937,-0.0012195067247375846,0.014384783804416656,0.017020007595419884,0.01870020478963852
L9H1,5,0.012983612716197968,0.014609476551413536,-0.0016258636023849249,0.01483476348221302,0.01894862949848175,0.019648827612400055
L9H1,6,0.017120447009801865,0.017435912042856216,-0.00031546573154628277,0.018106479197740555,0.020593052729964256,0.022232579067349434
L9H1,7,0.020731650292873383,0.017904983833432198,0.0028266652952879667,0.020119683817029,0.020174195989966393,0.023307345807552338
L9H1,8,0.0015304323751479387,0.0011444512056186795,0.0003859812277369201,0.007372609805315733,0.006420017220079899,0.005550974979996681
L9H1,9,0.01899535581469536,0.017741873860359192,0.0012534838169813156,0.022112572565674782,0.023207616060972214,0.02687639184296131
L9H1,10,0.015246718190610409,0.016633065417408943,-0.001386346877552569,0.020028050988912582,0.022401323541998863,0.022021420300006866
L9H1,11,0.02025543339550495,0.020187756046652794,6.767755257897079e-05,0.028135433793067932,0.03175898268818855,0.03516528010368347
L9H1,12,0.024660347029566765,0.029905105009675026,-0.005244755651801825,0.03785913437604904,0.044634681195020676,0.0461517795920372
L9H1,13,0.02435082010924816,0.015998197719454765,0.008352619595825672,0.039646923542022705,0.03027668409049511,0.048231299966573715
L9H2,0,-0.013198481872677803,-0.016849933192133904,0.0036514517851173878,0.024233879521489143,0.024465302005410194,0.029053984209895134
L9H2,1,0.000971512752585113,-0.013626844622194767,0.014598359353840351,0.047069232910871506,0.03545849025249481,0.04302682727575302
L9H2,2,-0.0077142356894910336,-0.018076378852128983,0.010362143628299236,0.03788374736905098,0.03682485222816467,0.03859419748187065
L9H2,3,0.018399666994810104,-0.008076339960098267,0.02647600695490837,0.05004588142037392,0.044497955590486526,0.049168121069669724
L9H2,4,0.029429400339722633,0.006471939850598574,0.022957460954785347,0.05875418707728386,0.049586329609155655,0.0531577542424202
L9H2,5,0.0391070619225502,0.017275702208280563,0.021831363439559937,0.08381420373916626,0.057204656302928925,0.07927411049604416
L9H2,6,0.04124043136835098,0.055285967886447906,-0.014045538380742073,0.04613516852259636,0.04733527824282646,0.056844159960746765
L9H2,7,0.07073495537042618,0.07673176378011703,-0.005996805150061846,0.07720837742090225,0.08819796144962311,0.08086684346199036
L9H2,8,0.011146795935928822,0.008387514390051365,0.0027592815458774567,0.05095932260155678,0.040592294186353683,0.02694970741868019
L9H2,9,0.024470021948218346,0.016817372292280197,0.007652650587260723,0.0646544098854065,0.06114235520362854,0.04743364453315735
L9H2,10,0.01494357455521822,0.014959610067307949,-1.603534292371478e-05,0.04632832854986191,0.05040000379085541,0.04610513895750046
L9H2,11,0.07968831062316895,0.11534793674945831,-0.03565964102745056,0.07681815326213837,0.11015836894512177,0.10202603787183762
L9H2,12,0.05802066624164581,0.0755843073129654,-0.01756363920867443,0.056788161396980286,0.07837441563606262,0.07052645087242126
L9H2,13,0.025357384234666824,0.02448141761124134,0.0008759666234254837,0.06525096297264099,0.08239107578992844,0.0665118619799614
L9H3,0,-0.012676142156124115,-0.004445640370249748,-0.008230501785874367,0.03606913611292839,0.051738087087869644,0.046417105942964554
L9H3,1,-0.03366674482822418,-0.03223387897014618,-0.0014328673714771867,0.09006231278181076,0.08557713776826859,0.0626787543296814
L9H3,2,0.010040326043963432,-0.008374628610908985,0.018414953723549843,0.1030622124671936,0.09594282507896423,0.07492323964834213
L9H3,3,0.020814649760723114,-0.0017950270557776093,0.02260967716574669,0.09952569007873535,0.09420868009328842,0.07021185010671616
L9H3,4,0.09441543370485306,0.07209014892578125,0.02232527546584606,0.07792437076568604,0.07604049146175385,0.05824434012174606
L9H3,5,0.261738121509552,0.23298047482967377,0.028757644817233086,0.09585867822170258,0.09746482968330383,0.08279130607843399
L9H3,6,0.3190757930278778,0.2847810685634613,0.03429470583796501,0.13094142079353333,0.10267039388418198,0.11032713204622269
L9H3,7,0.07849255949258804,0.0792166069149971,-0.0007240535924211144,0.04339976608753204,0.04380778595805168,0.038539476692676544
L9H3,8,0.011448251083493233,0.010123802348971367,0.0013244488509371877,0.04869948327541351,0.04326822608709335,0.02034406177699566
L9H3,9,0.1134943962097168,0.12271042913198471,-0.009216034784913063,0.11112810671329498,0.10041158646345139,0.08345616608858109
L9H3,10,0.07895989716053009,0.07372430711984634,0.005235582124441862,0.10988333821296692,0.10075390338897705,0.07349319010972977
L9H3,11,0.09689734876155853,0.09564048051834106,0.0012568661477416754,0.08980605006217957,0.07901175320148468,0.060426704585552216
L9H3,12,0.16503030061721802,0.1510983258485794,0.01393198687583208,0.098542220890522,0.09469905495643616,0.07610578835010529
L9H3,13,0.3632892668247223,0.3492657244205475,0.014023536816239357,0.12242264300584793,0.12458416819572449,0.10308819264173508
L9H4,0,-0.018143711611628532,-0.01581192947924137,-0.0023317800369113684,0.01965670846402645,0.029007453471422195,0.03363444656133652
L9H4,1,-0.01593993790447712,-0.013249082490801811,-0.002690856344997883,0.026390880346298218,0.03528296574950218,0.03850163519382477
L9H4,2,-0.015170264057815075,-0.01176766399294138,-0.00340260099619627,0.020902102813124657,0.037721820175647736,0.042320653796195984
L9H4,3,0.006381646264344454,0.01410053949803114,-0.007718889508396387,0.03479586914181709,0.05124232918024063,0.048136018216609955
L9H4,4,-0.005505232140421867,-0.0022949862759560347,-0.0032102458644658327,0.021131910383701324,0.028126556426286697,0.02979436330497265
L9H4,5,-0.007772886194288731,-0.005719584878534079,-0.0020533010829240084,0.023048369213938713,0.02864702418446541,0.02938947081565857
L9H4,6,-0.0006744314450770617,0.003294202033430338,-0.003968632780015469,0.028628261759877205,0.038005147129297256,0.04183569923043251
L9H4,7,0.033590540289878845,0.0625685304403305,-0.028977980837225914,0.07331212610006332,0.08306442946195602,0.07714644819498062
L9H4,8,0.0014888775767758489,0.0009962056064978242,0.0004926719702780247,0.00739360461011529,0.00645258417353034,0.005725253839045763
L9H4,9,0.0008328452822752297,0.003001078963279724,-0.0021682337392121553,0.03104761242866516,0.03337791562080383,0.03150371462106705
L9H4,10,-0.004785246681421995,0.0006074749398976564,-0.005392721854150295,0.01875467225909233,0.025808021426200867,0.027591729536652565
L9H4,11,0.0132696982473135,0.022415192797780037,-0.009145497344434261,0.03122772090137005,0.03772537037730217,0.036762967705726624
L9H4,12,0.0009382159332744777,0.005697772838175297,-0.004759557079523802,0.026262804865837097,0.029304420575499535,0.0341944582760334
L9H4,13,0.006823169067502022,0.007686217315495014,-0.0008630476659163833,0.03025335632264614,0.03594857454299927,0.03551138937473297
L9H5,0,0.0010221549309790134,-0.003745183814316988,0.004767338279634714,0.022156180813908577,0.03430169075727463,0.038314010947942734
L9H5,1,-0.03798592835664749,-0.016142262145876884,-0.02184366248548031,0.06888119876384735,0.06166428327560425,0.05769174546003342
L9H5,2,-0.059257872402668,-0.018622400239109993,-0.04063548147678375,0.07056958973407745,0.06204569339752197,0.0717800185084343
L9H5,3,-0.0763774886727333,-0.031985092908144,-0.04439240321516991,0.08211113512516022,0.05701178312301636,0.07079139351844788
L9H5,4,-0.09821160137653351,-0.06781598180532455,-0.03039560839533806,0.10532131046056747,0.09446082264184952,0.06570059806108475
L9H5,5,-0.16712656617164612,-0.14015983045101166,-0.02696673944592476,0.13442495465278625,0.11145379394292831,0.10469581931829453
L9H5,6,-0.18669359385967255,-0.21131987869739532,0.024626288563013077,0.1190243810415268,0.10682512074708939,0.08229468017816544
L9H5,7,-0.08961314707994461,-0.08083377033472061,-0.008779373951256275,0.06979237496852875,0.06211087480187416,0.05059307441115379
L9H5,8,-0.011828100308775902,-0.010177161544561386,-0.001650938531383872,0.04926468804478645,0.043727077543735504,0.015864690765738487
L9H5,9,-0.1656809151172638,-0.11313926428556442,-0.05254165455698967,0.14967426657676697,0.13284865021705627,0.07574550807476044
L9H5,10,-0.1284170299768448,-0.08243143558502197,-0.04598558321595192,0.09040776640176773,0.08559105545282364,0.06911972165107727
L9H5,11,-0.09420442581176758,-0.07595982402563095,-0.018244599923491478,0.08155421167612076,0.06892886012792587,0.05645317584276199
L9H5,12,-0.12416350096464157,-0.11972061544656754,-0.004442902281880379,0.12316106259822845,0.11517789214849472,0.0717974528670311
L9H5,13,-0.2353978008031845,-0.27241554856300354,0.037017758935689926,0.1375684142112732,0.1312616914510727,0.09834118187427521
L9H6,0,-0.017356613650918007,-0.011732201091945171,-0.005624414421617985,0.032890867441892624,0.045507900416851044,0.0550537109375
L9H6,1,-0.012180260382592678,-0.01070486567914486,-0.0014753935392946005,0.038631998002529144,0.047224219888448715,0.057180628180503845
L9H6,2,-0.015268067829310894,-0.014744836837053299,-0.000523233087733388,0.03975878655910492,0.05528486147522926,0.06491659581661224
L9H6,3,-0.002723733661696315,-0.009127950295805931,0.006404215935617685,0.03366047143936157,0.04036201164126396,0.048510752618312836
L9H6,4,-0.0023641970474272966,-0.008560449816286564,0.006196253001689911,0.038096703588962555,0.03948188200592995,0.04871257394552231
L9H6,5,0.03859516233205795,0.003343697637319565,0.03525146469473839,0.1389886438846588,0.06489521265029907,0.10984867811203003
L9H6,6,0.001197665580548346,0.027636144310235977,-0.026438480243086815,0.03779680281877518,0.05520555377006531,0.05553831532597542
L9H6,7,0.07814276963472366,0.11718107014894485,-0.03903830423951149,0.09805595874786377,0.15752089023590088,0.15523268282413483
L9H6,8,0.006594753358513117,0.006291582714766264,0.0003031715750694275,0.031872984021902084,0.033473845571279526,0.024268507957458496
L9H6,9,0.04834408685564995,-0.013684446923434734,0.062028538435697556,0.12266288697719574,0.11270923912525177,0.15277540683746338
L9H6,10,0.06001667305827141,0.0027656403835862875,0.05725103244185448,0.12918443977832794,0.11278918385505676,0.1354578137397766
L9H6,11,0.015590101480484009,0.01708037033677101,-0.0014902696711942554,0.06705213338136673,0.05738595873117447,0.0630737692117691
L9H6,12,-0.009938250295817852,0.06283128261566162,-0.07276954501867294,0.1343485713005066,0.15121901035308838,0.1312323808670044
L9H6,13,0.198133185505867,0.7521221041679382,-0.5539889335632324,0.17692065238952637,0.42447128891944885,0.3853186368942261
L9H7,0,-0.0434931255877018,-0.04461182281374931,0.0011186995543539524,0.01799599453806877,0.03180234879255295,0.035112638026475906
L9H7,1,-0.04125206172466278,-0.03491155058145523,-0.006340514402836561,0.02335718274116516,0.03528802841901779,0.036407530307769775
L9H7,2,-0.0476049929857254,-0.03936382010579109,-0.008241177536547184,0.03624199703335762,0.04668927565217018,0.041385356336832047
L9H7,3,-0.02252134680747986,-0.009153991937637329,-0.01336735486984253,0.025485947728157043,0.03804830089211464,0.03698325529694557
L9H7,4,-0.011216760613024235,0.000828509742859751,-0.012045271694660187,0.02662227489054203,0.03653813526034355,0.03658958151936531
L9H7,5,-0.00807608850300312,0.0010941544314846396,-0.009170242585241795,0.026280738413333893,0.033930402249097824,0.035075098276138306
L9H7,6,-0.004300621338188648,-0.00602114200592041,0.0017205207841470838,0.029629038646817207,0.04019058495759964,0.04248612001538277
L9H7,7,0.06001923233270645,0.0503932386636734,0.009625991806387901,0.06672760844230652,0.07734155654907227,0.0820380449295044
L9H7,8,0.003207854926586151,0.0024251730646938086,0.0007826818036846817,0.014523856341838837,0.015071514062583447,0.011606501415371895
L9H7,9,-0.0003030173247680068,0.002377473982051015,-0.0026804909575730562,0.032927196472883224,0.04111190140247345,0.038951776921749115
L9H7,10,-0.006012005731463432,-0.001017242670059204,-0.004994763061404228,0.027646951377391815,0.03281194716691971,0.03312182426452637
L9H7,11,0.0176865141838789,0.013084237463772297,0.004602277651429176,0.040164511650800705,0.03981483355164528,0.0456387996673584
L9H7,12,0.009214881807565689,0.004204138647764921,0.005010742228478193,0.0348195806145668,0.03647998720407486,0.04359085485339165
L9H7,13,0.02869451977312565,-0.016018912196159363,0.04471343383193016,0.06621646136045456,0.057640440762043,0.07054311037063599
L9H8,0,-0.0026656202971935272,-0.0081709586083889,0.005505337845534086,0.04455588757991791,0.04774951934814453,0.0644242987036705
L9H8,1,0.11208027601242065,-0.03045785427093506,0.1425381302833557,0.23227459192276,0.08895494043827057,0.2395775318145752
L9H8,2,0.4814043343067169,-0.002230605110526085,0.4836350083351135,0.8626649975776672,0.2634566128253937,0.8547270894050598
L9H8,3,0.42147156596183777,0.0004429881228134036,0.4210285246372223,0.6250014901161194,0.2015315592288971,0.5952495336532593
L9H8,4,0.8537026643753052,0.007207035087049007,0.8464955687522888,0.6794753074645996,0.2394028604030609,0.7080089449882507
L9H8,5,1.377454161643982,0.06062554195523262,1.3168286085128784,0.8822953701019287,0.34608033299446106,0.9190157055854797
L9H8,6,0.1257765293121338,0.35908830165863037,-0.2333117127418518,0.23713886737823486,0.33481016755104065,0.32807159423828125
L9H8,7,0.5165546536445618,0.6440961360931396,-0.1275414526462555,0.37726351618766785,0.47220325469970703,0.5828279256820679
L9H8,8,0.022852512076497078,0.03800765424966812,-0.015155142173171043,0.14597836136817932,0.18122777342796326,0.17968891561031342
L9H8,9,0.4353986084461212,0.26907557249069214,0.16632308065891266,0.43265411257743835,0.30546754598617554,0.4136908948421478
L9H8,10,0.3250095248222351,0.19572314620018005,0.12928639352321625,0.2852930724620819,0.239442840218544,0.32826218008995056
L9H8,11,0.3102218210697174,0.26906007528305054,0.04116175323724747,0.27059265971183777,0.27138784527778625,0.3284057676792145
L9H8,12,0.4105944335460663,0.3917718529701233,0.018822558224201202,0.3960057199001312,0.3788193166255951,0.44325220584869385
L9H8,13,0.4389634430408478,0.6188002824783325,-0.17983683943748474,0.46650800108909607,0.5676160454750061,0.6646364331245422
L9H9,0,0.019194237887859344,0.01936868391931057,-0.00017444328113924712,0.03338557109236717,0.039831917732954025,0.049984440207481384
L9H9,1,0.027744270861148834,0.020406505092978477,0.007337766699492931,0.03512783348560333,0.04216649383306503,0.053014859557151794
L9H9,2,0.0298641137778759,0.023107018321752548,0.006757095921784639,0.03880585730075836,0.04826477915048599,0.05665440857410431
L9H9,3,0.0281963087618351,0.016137495636940002,0.012058818712830544,0.03428199514746666,0.03384130448102951,0.04484323039650917
L9H9,4,0.028410635888576508,0.017599880695343018,0.010810754261910915,0.04206995666027069,0.037443213164806366,0.05067873001098633
L9H9,5,0.08122019469738007,0.020485782995820045,0.06073441728949547,0.19135677814483643,0.051686227321624756,0.18308211863040924
L9H9,6,0.0258720014244318,0.05093911290168762,-0.02506711706519127,0.031116027384996414,0.03851868584752083,0.04843045398592949
L9H9,7,0.09765854477882385,0.13769304752349854,-0.040034495294094086,0.08292359113693237,0.11881788820028305,0.13551807403564453
L9H9,8,0.0053036510944366455,0.009009315632283688,-0.0037056647706776857,0.02320416457951069,0.04041847586631775,0.020962031558156013
L9H9,9,0.18740929663181305,0.029551014304161072,0.15785826742649078,0.23207789659500122,0.161098912358284,0.2754901945590973
L9H9,10,0.13355466723442078,0.0279755387455225,0.10557912290096283,0.16273806989192963,0.14540402591228485,0.1982475072145462
L9H9,11,0.039445698261260986,0.04265105351805687,-0.0032053578179329634,0.05377999693155289,0.06315167993307114,0.07345596700906754
L9H9,12,0.06102651357650757,0.13265375792980194,-0.07162724435329437,0.10556503385305405,0.198782280087471,0.18501624464988708
L9H9,13,0.16742582619190216,1.495436191558838,-1.3280104398727417,0.2231694906949997,0.7001825571060181,0.7292618751525879
L9H10,0,0.001676637097261846,-0.0016871540574356914,0.0033637911546975374,0.015072568319737911,0.019193174317479134,0.021360130980610847
L9H10,1,0.0021672388538718224,0.00014697133156005293,0.0020202670712023973,0.014917803928256035,0.022916721180081367,0.02418336644768715
L9H10,2,0.0006580887129530311,-0.0021485311444848776,0.002806620206683874,0.020006410777568817,0.02777722105383873,0.027782674878835678
L9H10,3,-0.0035062399692833424,0.0017781429924070835,-0.005284382030367851,0.03355415165424347,0.042006004601716995,0.04619821906089783
L9H10,4,0.006952749099582434,0.005565320141613483,0.0013874295400455594,0.017201820388436317,0.0263594351708889,0.027782747521996498
L9H10,5,0.01987134851515293,0.0167838167399168,0.0030875320080667734,0.0211406908929348,0.026146328076720238,0.027844881638884544
L9H10,6,0.0982668325304985,0.08524644374847412,0.013020380400121212,0.07026208937168121,0.08613578975200653,0.08919063955545425
L9H10,7,0.004698508884757757,0.0017946992302313447,0.002903809305280447,0.01054273173213005,0.01624089665710926,0.016903497278690338
L9H10,8,0.001111321267671883,0.00046869274228811264,0.0006426285253837705,0.0061132838018238544,0.00547233410179615,0.005221930798143148
L9H10,9,0.0010283073643222451,-0.0028052625712007284,0.0038335693534463644,0.015108338557183743,0.01999792642891407,0.021065684035420418
L9H10,10,-0.002619505161419511,-0.008204326033592224,0.005584820173680782,0.01727956347167492,0.023113658651709557,0.022150252014398575
L9H10,11,-0.003595053916797042,-0.007927845232188702,0.004332790616899729,0.02954748086631298,0.026804408058524132,0.03084569051861763
L9H10,12,-0.0014713008422404528,-0.003474008059129119,0.00200270744971931,0.01821892149746418,0.021197685971856117,0.022961029782891273
L9H10,13,0.006978827062994242,0.005111474543809891,0.0018673524027690291,0.016800902783870697,0.02309512533247471,0.02417834661900997
L9H11,0,0.020745323970913887,0.024203097447752953,-0.0034577706828713417,0.02200191468000412,0.02648666873574257,0.03304217383265495
L9H11,1,0.021582106128335,0.024718135595321655,-0.003136029001325369,0.0227486714720726,0.027522176504135132,0.03392260521650314
L9H11,2,0.025722181424498558,0.029710467904806137,-0.003988286480307579,0.028895385563373566,0.03601866960525513,0.04139003902673721
L9H11,3,0.021681560203433037,0.023457713425159454,-0.0017761543858796358,0.029845284298062325,0.026158377528190613,0.0324779711663723
L9H11,4,0.01834304817020893,0.020189568400382996,-0.001846521394327283,0.019080067053437233,0.021983616054058075,0.027346773073077202
L9H11,5,0.021254584193229675,0.02161739580333233,-0.0003628115518949926,0.019703857600688934,0.02211371250450611,0.026274727657437325
L9H11,6,0.021004140377044678,0.025117894634604454,-0.004113753791898489,0.01971001736819744,0.025727529078722,0.031585726886987686
L9H11,7,0.023983338847756386,0.02536342851817608,-0.0013800914166495204,0.025114314630627632,0.023456210270524025,0.028239071369171143
L9H11,8,0.0015054228715598583,0.0025655189529061317,-0.0010600960813462734,0.00759471720084548,0.012316061183810234,0.009875072166323662
L9H11,9,0.023799940943717957,0.026929989457130432,-0.003130048280581832,0.022927846759557724,0.029877953231334686,0.03247656300663948
L9H11,10,0.019614899531006813,0.023090699687600136,-0.0034758001565933228,0.019928542897105217,0.035574812442064285,0.034995295107364655
L9H11,11,0.006899982690811157,0.01231814082711935,-0.005418158136308193,0.017726385965943336,0.020608756691217422,0.024786589667201042
L9H11,12,0.019290756434202194,0.021853208541870117,-0.0025624525733292103,0.019070850685238838,0.02207379974424839,0.024631202220916748
L9H11,13,0.037332650274038315,0.04659244045615196,-0.009259792976081371,0.023673348128795624,0.036933500319719315,0.033486008644104004
L10H0,0,0.0010528889251872897,0.007886345498263836,-0.006833456922322512,0.03593361750245094,0.039704885333776474,0.054750312119722366
L10H0,1,0.07401175051927567,0.008730319328606129,0.06528143584728241,0.15704402327537537,0.06395305693149567,0.1687350869178772
L10H0,2,0.13656970858573914,0.01037399098277092,0.1261957287788391,0.1739645153284073,0.07537294924259186,0.187053382396698
L10H0,3,0.3224960267543793,0.0067838444374501705,0.3157121539115906,0.26395362615585327,0.12490753829479218,0.30522286891937256
L10H0,4,0.33079299330711365,0.021052079275250435,0.30974093079566956,0.29717832803726196,0.13786298036575317,0.31850045919418335
L10H0,5,0.8007298707962036,0.03551272675395012,0.7652171850204468,0.6415393948554993,0.25890544056892395,0.691091001033783
L10H0,6,0.23792298138141632,0.2914144992828369,-0.05349152535200119,0.20931999385356903,0.2732688784599304,0.2970854938030243
L10H0,7,0.651578962802887,0.39344480633735657,0.2581341564655304,0.4410794973373413,0.35174882411956787,0.6028982996940613
L10H0,8,0.01702192984521389,0.0283723846077919,-0.01135045476257801,0.10604297369718552,0.12991322576999664,0.12659239768981934
L10H0,9,0.6783325672149658,0.12780149281024933,0.5505310893058777,0.545200765132904,0.27400878071784973,0.6188729405403137
L10H0,10,0.6636096239089966,0.0877504050731659,0.5758591890335083,0.5607355833053589,0.2808434069156647,0.6154616475105286
L10H0,11,0.3491690456867218,0.24936221539974213,0.09980683773756027,0.32953566312789917,0.43449968099594116,0.27867069840431213
L10H0,12,0.3426932394504547,0.5174013376235962,-0.17470800876617432,0.34784528613090515,0.4505496323108673,0.3949119448661804
L10H0,13,0.49718043208122253,1.1048438549041748,-0.6076632738113403,0.4796445667743683,0.6618546843528748,0.7987353801727295
L10H1,0,0.05849391967058182,0.03034464828670025,0.028149263933300972,0.03712271526455879,0.04027943313121796,0.04903440177440643
L10H1,1,0.061355430632829666,0.030622733756899834,0.030732695013284683,0.03758347034454346,0.04283171519637108,0.05101190507411957
L10H1,2,0.06639520823955536,0.031544625759124756,0.03485057130455971,0.049578357487916946,0.04861394315958023,0.05945751443505287
L10H1,3,0.06023525074124336,0.02569339983165264,0.03454185649752617,0.038796231150627136,0.03762531653046608,0.048939041793346405
L10H1,4,0.04913400113582611,0.023372258991003036,0.025761745870113373,0.0284819807857275,0.03358510136604309,0.0403112918138504
L10H1,5,0.0500326007604599,0.021927393972873688,0.02810521051287651,0.029836999252438545,0.03308174014091492,0.0401269793510437
L10H1,6,0.05696248635649681,0.03528925031423569,0.021673230454325676,0.033965446054935455,0.0396173931658268,0.04840170219540596
L10H1,7,0.0872834175825119,0.04686890169978142,0.040414512157440186,0.04352419078350067,0.05233476310968399,0.06485338509082794
L10H1,8,0.002671217080205679,0.002293746219947934,0.00037747094756923616,0.012733802199363708,0.017152298241853714,0.01662953570485115
L10H1,9,0.11739805340766907,0.02942797541618347,0.08797009289264679,0.11550255119800568,0.12407683581113815,0.14094941318035126
L10H1,10,0.09239649772644043,0.027752181515097618,0.06464432924985886,0.1034490317106247,0.11097100377082825,0.138541579246521
L10H1,11,0.06076306477189064,0.032643795013427734,0.028119266033172607,0.03646725416183472,0.05404720455408096,0.06360464543104172
L10H1,12,0.07696571201086044,0.05225321650505066,0.024712499231100082,0.05291290953755379,0.09386268258094788,0.0918659195303917
L10H1,13,0.08156146854162216,0.15409524738788605,-0.07253377139568329,0.06902018934488297,0.12875305116176605,0.12641561031341553
L10H2,0,-0.030629944056272507,-0.028521103784441948,-0.0021088426001369953,0.05090860649943352,0.045567020773887634,0.046427156776189804
L10H2,1,-0.02846754901111126,-0.02889353223145008,0.000425978796556592,0.051174264401197433,0.04663294181227684,0.048330385237932205
L10H2,2,-0.027885671705007553,-0.025759372860193253,-0.0021263021044433117,0.05122264847159386,0.050092387944459915,0.048433657735586166
L10H2,3,-0.020865747705101967,-0.028495104983448982,0.007629356812685728,0.04907066747546196,0.04220558702945709,0.045691803097724915
L10H2,4,-0.01160502154380083,-0.01907682977616787,0.007471808698028326,0.045021768659353256,0.03769366443157196,0.04139218106865883
L10H2,5,-0.003760098945349455,-0.01516848523169756,0.011408384889364243,0.050106603652238846,0.03459066152572632,0.046753156930208206
L10H2,6,-0.0031755997333675623,-0.0034779799170792103,0.0003023800964001566,0.055184561759233475,0.0479111447930336,0.05407944694161415
L10H2,7,0.01876121386885643,0.00927467830479145,0.009486534632742405,0.07729361206293106,0.05766740441322327,0.06793330609798431
L10H2,8,0.006973979528993368,0.006057297345250845,0.0009166815434582531,0.029542580246925354,0.028090663254261017,0.012836568988859653
L10H2,9,0.003589666448533535,-0.011223528534173965,0.014813194051384926,0.06281805783510208,0.05528343468904495,0.06878655403852463
L10H2,10,0.004446513019502163,-0.00474061444401741,0.009187126532196999,0.04985648766160011,0.04053911566734314,0.04901910573244095
L10H2,11,-0.0014898045919835567,-0.008243199437856674,0.006753395311534405,0.04563289135694504,0.038331255316734314,0.04882533475756645
L10H2,12,0.004259592853486538,0.014967566356062889,-0.010707976296544075,0.04648797586560249,0.04638364911079407,0.04933705925941467
L10H2,13,0.01884407177567482,0.05137402191758156,-0.03252995386719704,0.062025025486946106,0.08228471875190735,0.06227279081940651
L10H3,0,-0.13887132704257965,-0.14592143893241882,0.007050112821161747,0.07453839480876923,0.08517008274793625,0.05028276517987251
L10H3,1,-0.1264646202325821,-0.14644627273082733,0.019981659948825836,0.1067035123705864,0.10146773606538773,0.06728572398424149
L10H3,2,-0.1560811996459961,-0.173966184258461,0.01788497529923916,0.14888429641723633,0.1414579302072525,0.08193489164113998
L10H3,3,-0.05954397842288017,-0.10786315053701401,0.04831916093826294,0.1673441082239151,0.12006516754627228,0.11501961946487427
L10H3,4,0.0009112514671869576,-0.07090272009372711,0.07181394845247269,0.15327398478984833,0.1278342306613922,0.12474764138460159
L10H3,5,0.08400093764066696,0.0024338653311133385,0.08156707882881165,0.15123237669467926,0.12602819502353668,0.12458810210227966
L10H3,6,0.015042582526803017,-0.027785582467913628,0.04282817244529724,0.11618687212467194,0.12907271087169647,0.132843017578125
L10H3,7,0.18892814218997955,0.22256864607334137,-0.03364049270749092,0.2176632285118103,0.25043290853500366,0.18425574898719788
L10H3,8,0.038945239037275314,0.04927362874150276,-0.010328386910259724,0.16794349253177643,0.20935726165771484,0.056820765137672424
L10H3,9,0.07136275619268417,0.0034241406247019768,0.06793861091136932,0.2540174126625061,0.16820761561393738,0.22404226660728455
L10H3,10,0.06621841341257095,0.022804992273449898,0.043413423001766205,0.27159368991851807,0.1845642477273941,0.20132391154766083
L10H3,11,0.1642083078622818,0.12911640107631683,0.03509191423654556,0.19177062809467316,0.18183472752571106,0.20352524518966675
L10H3,12,0.2563910484313965,0.28264111280441284,-0.026250088587403297,0.2344745397567749,0.30008065700531006,0.24173910915851593
L10H3,13,0.6015737652778625,0.9102465510368347,-0.3086729049682617,0.43208733201026917,0.660422146320343,0.4469408690929413
L10H4,0,0.03286493569612503,0.028836801648139954,0.004028129391372204,0.03462139889597893,0.03760940954089165,0.042022865265607834
L10H4,1,0.02639380842447281,0.027399567887187004,-0.0010057624895125628,0.038230977952480316,0.04477223753929138,0.05128052458167076
L10H4,2,0.04767801985144615,0.040876369923353195,0.006801647134125233,0.057607248425483704,0.05420411005616188,0.062438759952783585
L10H4,3,-0.0075812567956745625,0.008408056572079659,-0.015989312902092934,0.0479498915374279,0.05364934727549553,0.060893021523952484
L10H4,4,0.04650088772177696,0.034768275916576385,0.011732609942555428,0.04015747830271721,0.0378570556640625,0.045440852642059326
L10H4,5,0.06985895335674286,0.04733902961015701,0.022519920021295547,0.05127174034714699,0.04394742101430893,0.05650962144136429
L10H4,6,0.04350707679986954,0.032386716455221176,0.011120358482003212,0.05217905715107918,0.05885348096489906,0.06229376792907715
L10H4,7,0.027039282023906708,0.026803137734532356,0.00023614108795300126,0.027188308537006378,0.034726835787296295,0.03754628077149391
L10H4,8,1.725359652482439e-05,0.0017062646802514791,-0.0016890112310647964,0.00687544047832489,0.011841833591461182,0.01284378208220005
L10H4,9,0.05682748928666115,0.04585341364145279,0.01097407191991806,0.04655292630195618,0.038825586438179016,0.046456508338451385
L10H4,10,0.04068638011813164,0.031727924942970276,0.008958454243838787,0.03660133481025696,0.03498540446162224,0.041935861110687256
L10H4,11,0.06062989681959152,0.049940284341573715,0.010689625516533852,0.05798350274562836,0.05814049020409584,0.050379011780023575
L10H4,12,0.061948928982019424,0.05194962024688721,0.009999308735132217,0.06003288924694061,0.061932459473609924,0.053662125021219254
L10H4,13,0.06116358935832977,0.060120951384305954,0.0010426403023302555,0.051755089312791824,0.06571389734745026,0.05097682774066925
L10H5,0,0.001946793170645833,0.011667625047266483,-0.009720832109451294,0.02755388617515564,0.03022543154656887,0.031460173428058624
L10H5,1,0.005603922065347433,0.01880107820034027,-0.013197156600654125,0.04137839376926422,0.04107777029275894,0.04293625429272652
L10H5,2,0.015681833028793335,0.027900271117687225,-0.012218435294926167,0.04154599830508232,0.04879574850201607,0.04707350581884384
L10H5,3,0.05195094645023346,0.07732520252466202,-0.02537425421178341,0.0794256180524826,0.1005370244383812,0.09801514446735382
L10H5,4,0.017135195434093475,0.02395426295697689,-0.00681906845420599,0.033648665994405746,0.03550712764263153,0.03685390204191208
L10H5,5,0.00997295044362545,0.01443488709628582,-0.0044619375839829445,0.025171615183353424,0.025407493114471436,0.0259031280875206
L10H5,6,0.09883961826562881,0.08192241191864014,0.016917208209633827,0.12199358642101288,0.12163498997688293,0.14014530181884766
L10H5,7,0.021669356152415276,0.02771618962287903,-0.00604683393612504,0.041276123374700546,0.045962803065776825,0.04398372024297714
L10H5,8,0.0012578504392877221,0.0020237972494214773,-0.0007659467519260943,0.006497614085674286,0.011666130274534225,0.008422352373600006
L10H5,9,0.005627301521599293,0.013591239228844643,-0.007963938638567924,0.03619144856929779,0.038207247853279114,0.04216426983475685
L10H5,10,0.011711355298757553,0.015819288790225983,-0.004107932560145855,0.032457031309604645,0.040415991097688675,0.040712058544158936
L10H5,11,0.02843157947063446,0.03691357746720314,-0.00848199799656868,0.05210248380899429,0.06192627549171448,0.06481210887432098
L10H5,12,0.013768569566309452,0.02077706716954708,-0.007008499000221491,0.028386440128087997,0.032606299966573715,0.035946544259786606
L10H5,13,0.011393976397812366,0.016456522047519684,-0.005062547512352467,0.026970360428094864,0.029452791437506676,0.02739059366285801
L10H6,0,0.03993688523769379,0.027122287079691887,0.012814601883292198,0.04149959608912468,0.04433789476752281,0.05256617069244385
L10H6,1,0.04872984439134598,0.029718317091464996,0.01901152916252613,0.04272382706403732,0.04885035753250122,0.060270704329013824
L10H6,2,0.05515905097126961,0.036916058510541916,0.01824299246072769,0.050597622990608215,0.05389305576682091,0.06158926337957382
L10H6,3,0.05262741446495056,0.030331581830978394,0.02229583077132702,0.03526033088564873,0.04986987262964249,0.055944666266441345
L10H6,4,0.050765443593263626,0.03426089137792587,0.016504552215337753,0.031856317073106766,0.0411158949136734,0.04519087076187134
L10H6,5,0.06615087389945984,0.04797223582863808,0.018178626894950867,0.0518612377345562,0.04897763207554817,0.05694015696644783
L10H6,6,0.07256939262151718,0.07983867079019547,-0.007269277703016996,0.04475411772727966,0.05057793855667114,0.048609696328639984
L10H6,7,0.10998999327421188,0.11206624656915665,-0.0020762712229043245,0.06757111847400665,0.08295436203479767,0.0806800052523613
L10H6,8,0.004281502682715654,0.005369356833398342,-0.001087854034267366,0.020115725696086884,0.024207813665270805,0.014423906803131104
L10H6,9,0.08897831290960312,0.06247883290052414,0.026499470695853233,0.06684953719377518,0.07657503336668015,0.09022016078233719
L10H6,10,0.07741723954677582,0.051988039165735245,0.02542920783162117,0.061649661511182785,0.08205477893352509,0.08481418341398239
L10H6,11,0.1049908697605133,0.11771123856306076,-0.012720365077257156,0.08597346395254135,0.10844019800424576,0.0829511508345604
L10H6,12,0.1490136831998825,0.1900046318769455,-0.040990930050611496,0.10200215876102448,0.15236307680606842,0.10812710225582123
L10H6,13,0.11393101513385773,0.19036370515823364,-0.07643269747495651,0.059806834906339645,0.12419688701629639,0.1033373475074768
L10H7,0,0.023456847295165062,0.04299547150731087,-0.019538622349500656,0.04204343259334564,0.055123504251241684,0.06771162897348404
L10H7,1,-0.009468162432312965,0.03411007300019264,-0.04357823356986046,0.10261894017457962,0.06995217502117157,0.10432969033718109
L10H7,2,-0.018260272219777107,0.03961089625954628,-0.05787116289138794,0.12275169044733047,0.07778365164995193,0.1329411119222641
L10H7,3,-0.05232439562678337,0.015547424554824829,-0.0678718239068985,0.1398007571697235,0.0776052474975586,0.1267632097005844
L10H7,4,-0.04725108668208122,0.008308189921081066,-0.05555928125977516,0.14406664669513702,0.09573478251695633,0.10157498717308044
L10H7,5,-0.1586952656507492,-0.033264074474573135,-0.12543120980262756,0.3467922508716583,0.142689511179924,0.2568952143192291
L10H7,6,-0.0693243145942688,-0.13304758071899414,0.06372325867414474,0.1090112254023552,0.16065146028995514,0.12334715574979782
L10H7,7,-0.16936227679252625,-0.148984894156456,-0.020377369597554207,0.22334395349025726,0.2141115963459015,0.21405568718910217
L10H7,8,-0.022474171593785286,-0.028187884017825127,0.005713709630072117,0.0974331647157669,0.12297358363866806,0.04581906646490097
L10H7,9,-0.1719711869955063,-0.026307398453354836,-0.145663782954216,0.2515814006328583,0.1932385414838791,0.2773897051811218
L10H7,10,-0.14456111192703247,-0.030299969017505646,-0.11426115036010742,0.28140854835510254,0.21537059545516968,0.21142834424972534
L10H7,11,-0.05160163715481758,-0.01645948551595211,-0.03514215350151062,0.15784823894500732,0.15010860562324524,0.1373201608657837
L10H7,12,-0.03475593030452728,-0.06550835818052292,0.030752427875995636,0.21982140839099884,0.27375370264053345,0.1791967898607254
L10H7,13,-0.3194166123867035,-0.9140186905860901,0.5946021676063538,0.3106922507286072,0.6247346997261047,0.5119560360908508
L10H8,0,-0.018823765218257904,-0.011952569708228111,-0.006871195510029793,0.02531670778989792,0.02682105265557766,0.03024408034980297
L10H8,1,-0.02003423124551773,-0.010417562909424305,-0.009616668336093426,0.036243703216314316,0.03315310552716255,0.036470890045166016
L10H8,2,-0.02382097765803337,-0.012795522809028625,-0.011025453917682171,0.033040549606084824,0.03352605178952217,0.03689214587211609
L10H8,3,-0.01721048355102539,-0.007673890795558691,-0.009536592289805412,0.030466070398688316,0.029969021677970886,0.032790910452604294
L10H8,4,-0.014864848926663399,-0.007745133247226477,-0.007119716145098209,0.022561082616448402,0.02314845472574234,0.025475284084677696
L10H8,5,-0.016662785783410072,-0.008435911498963833,-0.00822687428444624,0.02083306387066841,0.02169245295226574,0.023666003718972206
L10H8,6,-0.01890961080789566,-0.011437180452048779,-0.007472430355846882,0.027647020295262337,0.026624616235494614,0.029300957918167114
L10H8,7,-0.013073734007775784,-0.007089556194841862,-0.005984178744256496,0.020400643348693848,0.022849224507808685,0.024464057758450508
L10H8,8,-0.0015050512738525867,-0.0002596437116153538,-0.0012454076204448938,0.006797789596021175,0.0065495893359184265,0.009067601524293423
L10H8,9,-0.011021923273801804,-0.0025090558920055628,-0.00851286668330431,0.042012982070446014,0.03939548134803772,0.04294734075665474
L10H8,10,-0.014316268265247345,-0.004856669344007969,-0.009459600783884525,0.029274534434080124,0.0323580764234066,0.03075120970606804
L10H8,11,-0.0068570636212825775,-0.0012333348859101534,-0.005623727571219206,0.02803666889667511,0.026467224583029747,0.02818879671394825
L10H8,12,-0.001197601086460054,0.004002304747700691,-0.005199906416237354,0.040697552263736725,0.04254067689180374,0.0465841069817543
L10H8,13,-0.0213848315179348,-0.014777333475649357,-0.006607499904930592,0.02479362301528454,0.027920516207814217,0.029104704037308693
L10H9,0,0.07213154435157776,0.062314122915267944,0.009817422367632389,0.023784447461366653,0.02745766192674637,0.03442079946398735
L10H9,1,0.0841677188873291,0.07724206894636154,0.00692564295604825,0.02838711440563202,0.030992180109024048,0.03386599197983742
L10H9,2,0.0892452821135521,0.07982566207647324,0.00941962469369173,0.050836239010095596,0.054058097302913666,0.0371941477060318
L10H9,3,0.06535661220550537,0.055979423224925995,0.009377192705869675,0.04268364608287811,0.05436646193265915,0.056137438863515854
L10H9,4,0.08543743938207626,0.07736892253160477,0.008068512193858624,0.02841068059206009,0.032958850264549255,0.0330926738679409
L10H9,5,0.10709628462791443,0.09481866657733917,0.012277614325284958,0.03416679427027702,0.037162940949201584,0.031807176768779755
L10H9,6,0.16456453502178192,0.14097462594509125,0.023589910939335823,0.13049377501010895,0.13791678845882416,0.09667311608791351
L10H9,7,0.08604544401168823,0.08271695673465729,0.00332847167737782,0.0448901541531086,0.045293550938367844,0.047184962779283524
L10H9,8,0.006124197039753199,0.005586989689618349,0.0005372076411731541,0.026516789570450783,0.023300843313336372,0.008135499432682991
L10H9,9,0.06977695971727371,0.06649414449930191,0.003282808931544423,0.024492723867297173,0.026896905153989792,0.028496086597442627
L10H9,10,0.057558730244636536,0.052970223128795624,0.004588507115840912,0.0311109721660614,0.030941495671868324,0.02653948962688446
L10H9,11,0.060386773198843,0.05401679873466492,0.006369969341903925,0.031705837696790695,0.03121291846036911,0.029508991166949272
L10H9,12,0.062169767916202545,0.05813714489340782,0.004032619763165712,0.026101384311914444,0.026917142793536186,0.025732040405273438
L10H9,13,0.08074846863746643,0.07785910367965698,0.002889361698180437,0.022689322009682655,0.026402629911899567,0.02384956367313862
L10H10,0,0.05557369440793991,0.03641670197248459,0.01915700174868107,0.0410531647503376,0.036728911101818085,0.05037442967295647
L10H10,1,0.07295478135347366,0.04205494001507759,0.030899833887815475,0.057157520204782486,0.043381206691265106,0.06597906351089478
L10H10,2,0.08894149214029312,0.04594496637582779,0.04299652576446533,0.06973475217819214,0.05285597965121269,0.07041949033737183
L10H10,3,0.09482971578836441,0.028010768815875053,0.0668189525604248,0.06975242495536804,0.05892815440893173,0.08317255228757858
L10H10,4,0.08281701058149338,0.030672628432512283,0.05214438959956169,0.058960042893886566,0.04191029816865921,0.06441842019557953
L10H10,5,0.1171611025929451,0.03247273713350296,0.08468835800886154,0.12346675992012024,0.05016736313700676,0.12221210449934006
L10H10,6,0.08458947390317917,0.09990780800580978,-0.015318343415856361,0.05315035954117775,0.0728418380022049,0.08947905898094177
L10H10,7,0.17236994206905365,0.1009107306599617,0.07145920395851135,0.15479719638824463,0.1646757274866104,0.2207459658384323
L10H10,8,0.004449840169399977,0.011143236421048641,-0.006693395785987377,0.03348700702190399,0.057725608348846436,0.056232087314128876
L10H10,9,0.20334085822105408,-0.009395821951329708,0.21273666620254517,0.2696863114833832,0.19258777797222137,0.3232075572013855
L10H10,10,0.1682395339012146,-0.0024486160837113857,0.17068816721439362,0.20744295418262482,0.16884462535381317,0.26143714785575867
L10H10,11,0.08069024235010147,0.06841984391212463,0.012270398437976837,0.05239731818437576,0.06345631927251816,0.07843441516160965
L10H10,12,0.0735844150185585,0.1771714985370636,-0.1035870835185051,0.05921535566449165,0.14738760888576508,0.15165412425994873
L10H10,13,0.03972344100475311,0.4880686402320862,-0.4483451843261719,0.11340850591659546,0.3004152774810791,0.3338374197483063
L10H11,0,-0.006463444326072931,0.011716771870851517,-0.01818021759390831,0.04416041821241379,0.038667093962430954,0.05225536599755287
L10H11,1,-0.010637408122420311,0.007472784724086523,-0.018110191449522972,0.053695764392614365,0.04698364436626434,0.05830894038081169
L10H11,2,-0.0017481008544564247,0.01779600977897644,-0.01954411156475544,0.06275802105665207,0.048483192920684814,0.06731139123439789
L10H11,3,-0.005760475527495146,0.00718710059300065,-0.012947576120495796,0.07549969106912613,0.05244853347539902,0.06018530949950218
L10H11,4,0.053231533616781235,0.044305283576250076,0.008926254697144032,0.15067262947559357,0.10152345150709152,0.10223805159330368
L10H11,5,0.1135496124625206,0.10141554474830627,0.012134074233472347,0.21031594276428223,0.16823042929172516,0.10878750681877136
L10H11,6,0.10481642931699753,0.10626912117004395,-0.001452664495445788,0.16648636758327484,0.10812847316265106,0.10172373056411743
L10H11,7,0.03302055597305298,0.03938048332929611,-0.0063599273562431335,0.07700283080339432,0.05605562403798103,0.05444800481200218
L10H11,8,0.02352803573012352,0.015120509080588818,0.008407525718212128,0.10584674775600433,0.07400646060705185,0.06868953257799149
L10H11,9,0.041897255927324295,0.04309551417827606,-0.0011982517316937447,0.12775716185569763,0.08576168119907379,0.07835369557142258
L10H11,10,0.029662886634469032,0.03572991117835045,-0.006067023146897554,0.15950720012187958,0.11906597763299942,0.06521745771169662
L10H11,11,0.0716429129242897,0.07042502611875534,0.0012178885517641902,0.13361993432044983,0.09441452473402023,0.08164531737565994
L10H11,12,0.14203156530857086,0.1498500257730484,-0.007818463258445263,0.18548797070980072,0.18316148221492767,0.10546953231096268
L10H11,13,0.3730316162109375,0.471875935792923,-0.09884431213140488,0.3943058252334595,0.40893691778182983,0.19891372323036194
L11H0,0,-0.07277345657348633,-0.026360830292105675,-0.0464126318693161,0.09156425297260284,0.06676248461008072,0.08634332567453384
L11H0,1,-0.07009675353765488,-0.01928962767124176,-0.05080711469054222,0.08921556174755096,0.07019117474555969,0.08563538640737534
L11H0,2,-0.0561261810362339,-0.017095154151320457,-0.03903103247284889,0.08517847210168839,0.07107258588075638,0.07790528982877731
L11H0,3,-0.0343797467648983,0.001516715856269002,-0.035896461457014084,0.09088896960020065,0.08273150026798248,0.09946565330028534
L11H0,4,-0.013696538284420967,-0.0027273816522210836,-0.010969157330691814,0.07648666203022003,0.07869125157594681,0.07740534096956253
L11H0,5,0.0005054674111306667,-0.002368873916566372,0.0028743408620357513,0.0874222069978714,0.09045784175395966,0.0889526903629303
L11H0,6,-0.0011023228289559484,-0.04811441898345947,0.0470120944082737,0.08137799054384232,0.10190586745738983,0.0937177985906601
L11H0,7,0.020023463293910027,0.02369079738855362,-0.003667333861812949,0.06198659539222717,0.07366913557052612,0.07223984599113464
L11H0,8,0.001537890755571425,0.00110637245234102,0.00043151804129593074,0.020650392398238182,0.015961168333888054,0.022087756544351578
L11H0,9,-0.018485229462385178,-0.014448396861553192,-0.004036834463477135,0.07222537696361542,0.08405321836471558,0.07917290925979614
L11H0,10,-0.003139150096103549,-0.005496173165738583,0.0023570226039737463,0.06738562881946564,0.06934531778097153,0.06448305398225784
L11H0,11,0.04699255898594856,0.028570931404829025,0.018421625718474388,0.06471820920705795,0.08101975172758102,0.07928556948900223
L11H0,12,0.016748400405049324,0.0053465175442397594,0.011401883326470852,0.0711563229560852,0.08091975748538971,0.0822819322347641
L11H0,13,0.010643720626831055,0.0034866633359342813,0.007157055661082268,0.08247017860412598,0.09487995505332947,0.08944237232208252
L11H1,0,0.06537188589572906,0.07167063653469086,-0.006298753898590803,0.056348610669374466,0.07146839797496796,0.07506626099348068
L11H1,1,0.07077006250619888,0.07467113435268402,-0.0039010632317513227,0.05363628640770912,0.07335072755813599,0.07822725921869278
L11H1,2,0.07503052055835724,0.08475236594676971,-0.009721841663122177,0.06659922003746033,0.09083172678947449,0.09104448556900024
L11H1,3,0.07338958233594894,0.07449395954608917,-0.0011043777922168374,0.05593308433890343,0.06427860260009766,0.0745413601398468
L11H1,4,0.08558928966522217,0.07788345962762833,0.00770583376288414,0.05221717059612274,0.06003888323903084,0.07161755114793777
L11H1,5,0.09844313561916351,0.09269850701093674,0.005744641646742821,0.061634697020053864,0.07290861010551453,0.08821908384561539
L11H1,6,0.11420977860689163,0.1117786392569542,0.0024311370216310024,0.06188436970114708,0.062492720782756805,0.08291918784379959
L11H1,7,0.12385915219783783,0.12196464091539383,0.0018945065094158053,0.0701894760131836,0.07762521505355835,0.08958179503679276
L11H1,8,0.005974790081381798,0.006934351287782192,-0.000959560857154429,0.02645259164273739,0.033759742975234985,0.02180088497698307
L11H1,9,0.07785428315401077,0.08026818186044693,-0.002413895446807146,0.05730406939983368,0.05992719158530235,0.07181057333946228
L11H1,10,0.06298007071018219,0.06340064108371735,-0.0004205653094686568,0.060320448130369186,0.058673784136772156,0.05748115852475166
L11H1,11,0.08199362456798553,0.08065976947546005,0.0013338514836505055,0.04817139357328415,0.04634416475892067,0.05730181559920311
L11H1,12,0.10944172739982605,0.11252059042453766,-0.0030788604635745287,0.07099685817956924,0.0693378672003746,0.07119739800691605
L11H1,13,0.12728601694107056,0.15105600655078888,-0.02376999519765377,0.08088356256484985,0.08953165262937546,0.09026958793401718
L11H2,0,-0.2951781153678894,-0.29798874258995056,0.002810556208714843,0.1186956837773323,0.14459508657455444,0.14499902725219727
L11H2,1,-0.26421990990638733,-0.3058701157569885,0.041650183498859406,0.15571190416812897,0.16799040138721466,0.1776205450296402
L11H2,2,-0.2836124002933502,-0.34823301434516907,0.06462063640356064,0.24026112258434296,0.2461479902267456,0.19665758311748505
L11H2,3,-0.010628767311573029,-0.2495824247598648,0.23895366489887238,0.24176089465618134,0.16305862367153168,0.2578742802143097
L11H2,4,0.07222749292850494,-0.24451886117458344,0.3167463541030884,0.21639420092105865,0.16248032450675964,0.2619767487049103
L11H2,5,0.08422670513391495,-0.2465248554944992,0.33075150847435,0.23442360758781433,0.17279021441936493,0.2737486958503723
L11H2,6,0.008393156342208385,-0.16036425530910492,0.16875742375850677,0.19186978042125702,0.23937419056892395,0.2652876377105713
L11H2,7,0.3541269302368164,0.336946576833725,0.017180336639285088,0.34716635942459106,0.30603668093681335,0.46222546696662903
L11H2,8,0.022504428401589394,0.05221996828913689,-0.029715539887547493,0.14200246334075928,0.2404511421918869,0.19674846529960632
L11H2,9,0.10733552277088165,-0.08971525728702545,0.1970507949590683,0.26451846957206726,0.26589104533195496,0.2982388734817505
L11H2,10,0.062285978347063065,-0.047047749161720276,0.10933373868465424,0.20791566371917725,0.266800194978714,0.2571108341217041
L11H2,11,0.07515289634466171,0.0164339579641819,0.058718934655189514,0.1961902529001236,0.16100093722343445,0.19361069798469543
L11H2,12,0.14453451335430145,0.46852606534957886,-0.3239915668964386,0.2621830403804779,0.4337146282196045,0.4331704080104828
L11H2,13,0.1588972508907318,0.4987262785434723,-0.33982905745506287,0.27393436431884766,0.3302815854549408,0.41480475664138794
L11H3,0,-0.012780498713254929,-0.03800729289650917,0.02522679604589939,0.036925945430994034,0.0434143990278244,0.04313752055168152
L11H3,1,0.0453621931374073,-0.010517412796616554,0.055879607796669006,0.17944705486297607,0.13224519789218903,0.11748310178518295
L11H3,2,0.06888417154550552,-0.012363881804049015,0.08124805241823196,0.16901402175426483,0.10357026755809784,0.12152422219514847
L11H3,3,0.31233012676239014,0.069295734167099,0.24303437769412994,0.252827912569046,0.20100931823253632,0.20859497785568237
L11H3,4,0.3508967161178589,0.09979144483804703,0.25110524892807007,0.17601224780082703,0.16256333887577057,0.17336206138134003
L11H3,5,0.49164584279060364,0.1935485452413559,0.29809728264808655,0.33887478709220886,0.24194706976413727,0.23888574540615082
L11H3,6,0.6477012634277344,0.35258686542510986,0.29511433839797974,0.3214581608772278,0.22959449887275696,0.29584765434265137
L11H3,7,0.6594207882881165,0.4940441846847534,0.16537663340568542,0.23525109887123108,0.2531372904777527,0.22195765376091003
L11H3,8,0.04647187516093254,0.035981737077236176,0.01049014087766409,0.19106531143188477,0.15576547384262085,0.07203670591115952
L11H3,9,0.30033791065216064,0.20152467489242554,0.0988132506608963,0.2943849265575409,0.26805949211120605,0.14637233316898346
L11H3,10,0.24443943798542023,0.1707787662744522,0.07366067171096802,0.1993723064661026,0.1732005774974823,0.10891281068325043
L11H3,11,0.6178829073905945,0.46697577834129333,0.15090712904930115,0.2371596097946167,0.2603074610233307,0.2160198837518692
L11H3,12,0.46245357394218445,0.34207573533058167,0.12037783116102219,0.21868732571601868,0.21357975900173187,0.1666189581155777
L11H3,13,0.4197341203689575,0.26540735363960266,0.15432675182819366,0.25716736912727356,0.2226201295852661,0.1725209653377533
L11H4,0,-0.03486267477273941,0.007582501973956823,-0.04244517907500267,0.060697123408317566,0.0843546912074089,0.0985446572303772
L11H4,1,-0.022195175290107727,0.004458888899534941,-0.026654062792658806,0.07049804925918579,0.08620547503232956,0.09994839131832123
L11H4,2,-0.037168923765420914,-0.00042687010136432946,-0.03674204647541046,0.07827489078044891,0.09843962639570236,0.10907479375600815
L11H4,3,-0.024915244430303574,-0.00287654553540051,-0.022038700059056282,0.060017187148332596,0.07168328762054443,0.08219432830810547
L11H4,4,-0.022346017882227898,-0.004244429990649223,-0.018101586028933525,0.04365241900086403,0.05975642055273056,0.0657549649477005
L11H4,5,-0.011781604029238224,-0.0015959958545863628,-0.010185606777668,0.048582352697849274,0.061793841421604156,0.06771542131900787
L11H4,6,-0.035194508731365204,-0.018847202882170677,-0.016347303986549377,0.06761786341667175,0.07683964818716049,0.08047235012054443
L11H4,7,-0.02400893159210682,-0.01798323355615139,-0.006025699432939291,0.05768227204680443,0.06275829672813416,0.06831526011228561
L11H4,8,-0.002511181402951479,-0.0015348653541877866,-0.0009763163980096579,0.01872224733233452,0.016750821843743324,0.025482449680566788
L11H4,9,-0.026724936440587044,-0.01093973033130169,-0.015785207971930504,0.057954639196395874,0.07088269293308258,0.07608544081449509
L11H4,10,-0.021087544038891792,-0.010592843405902386,-0.010494704358279705,0.05386020988225937,0.06058782339096069,0.0665070191025734
L11H4,11,0.0010243599535897374,-0.0027946517802774906,0.003819011617451906,0.04695591703057289,0.05476461723446846,0.05920301005244255
L11H4,12,-0.016332298517227173,-0.010873999446630478,-0.00545829813927412,0.040460940450429916,0.05395444482564926,0.059388089925050735
L11H4,13,-0.04757988080382347,-0.04279172793030739,-0.00478815333917737,0.06602932512760162,0.07307299971580505,0.0716492161154747
L11H5,0,0.048526786267757416,0.04185953736305237,0.00666724843904376,0.04533405974507332,0.04482177272439003,0.055790629237890244
L11H5,1,0.04587748646736145,0.04151052236557007,0.004366966430097818,0.05127490684390068,0.05134287104010582,0.06057533249258995
L11H5,2,0.05131649225950241,0.047079090029001236,0.004237402230501175,0.05536236986517906,0.05947131663560867,0.06175917014479637
L11H5,3,0.02153940312564373,0.029640408232808113,-0.008101009763777256,0.048322029411792755,0.04754571616649628,0.05653375759720802
L11H5,4,0.028764456510543823,0.03144517168402672,-0.0026807142421603203,0.0349302664399147,0.03878321498632431,0.044194430112838745
L11H5,5,0.02584574930369854,0.028694963082671165,-0.002849210985004902,0.03439394757151604,0.03934776037931442,0.0426025390625
L11H5,6,0.032186008989810944,0.029888968914747238,0.0022970365826040506,0.04102441668510437,0.044721681624650955,0.05200890451669693
L11H5,7,0.0032719201408326626,0.020294245332479477,-0.017022324725985527,0.04949153587222099,0.057391077280044556,0.05900614708662033
L11H5,8,0.002219830173999071,0.002623968990519643,-0.0004041387001052499,0.01253600511699915,0.01647687517106533,0.013312497176229954
L11H5,9,0.01835854910314083,0.0314021073281765,-0.013043559156358242,0.05662432312965393,0.05461863428354263,0.0646367222070694
L11H5,10,0.012377221137285233,0.026848388835787773,-0.01447116956114769,0.040112145245075226,0.044390056282281876,0.04730243235826492
L11H5,11,0.004527609329670668,0.024738086387515068,-0.020210478454828262,0.047442443668842316,0.05858177691698074,0.058141522109508514
L11H5,12,0.021625550463795662,0.025818951427936554,-0.004193402361124754,0.047958772629499435,0.06965895742177963,0.06295308470726013
L11H5,13,0.02669859305024147,0.024811532348394394,0.001887058257125318,0.04213075712323189,0.057589199393987656,0.05605979636311531
L11H6,0,0.09739134460687637,0.04766120761632919,0.049730148166418076,0.05542244389653206,0.04868416115641594,0.0727742612361908
L11H6,1,0.10669660568237305,0.054097115993499756,0.052599504590034485,0.05863460153341293,0.053670670837163925,0.07949522137641907
L11H6,2,0.12474189698696136,0.05724281072616577,0.06749910116195679,0.09065168350934982,0.06251675635576248,0.09797534346580505
L11H6,3,0.1016007587313652,0.0478697195649147,0.053731050342321396,0.05670363828539848,0.05457387864589691,0.0762254148721695
L11H6,4,0.09258391708135605,0.04432982951402664,0.04825408384203911,0.0526333823800087,0.04840748384594917,0.07219695299863815
L11H6,5,0.0939425379037857,0.04392857849597931,0.0500139556825161,0.05261785164475441,0.049028459936380386,0.07288974523544312
L11H6,6,0.11810704320669174,0.0809720903635025,0.03713493049144745,0.05550616607069969,0.059869617223739624,0.08385895192623138
L11H6,7,0.1249300092458725,0.0905720666050911,0.034357950091362,0.055851031094789505,0.07079516351222992,0.09238386899232864
L11H6,8,0.00568040506914258,0.006650630850344896,-0.0009702264214865863,0.028692862018942833,0.031769540160894394,0.027720758691430092
L11H6,9,0.14932073652744293,0.07136745750904083,0.0779532715678215,0.09805641323328018,0.0979233831167221,0.13425198197364807
L11H6,10,0.12781600654125214,0.06222311779856682,0.06559289246797562,0.0879255011677742,0.08944135904312134,0.11235321313142776
L11H6,11,0.09181524813175201,0.06281129270792007,0.02900395542383194,0.04792333394289017,0.047391705214977264,0.06648392230272293
L11H6,12,0.1074426993727684,0.10185503959655762,0.005587651394307613,0.05385266989469528,0.07161159068346024,0.07605407387018204
L11H6,13,0.12996192276477814,0.16418850421905518,-0.03422658517956734,0.05741805583238602,0.08477181196212769,0.09480181336402893
L11H7,0,-0.07106994092464447,-0.04562220722436905,-0.02544773370027542,0.04511304572224617,0.07565964758396149,0.08143419772386551
L11H7,1,-0.07117888331413269,-0.04382123053073883,-0.02735764905810356,0.05542205274105072,0.08114852011203766,0.08704693615436554
L11H7,2,-0.08310307562351227,-0.0519799143075943,-0.031123163178563118,0.07301004976034164,0.09315475821495056,0.10169438272714615
L11H7,3,-0.05539529398083687,-0.02880534902215004,-0.02658994495868683,0.07612679898738861,0.07425430417060852,0.08714708685874939
L11H7,4,-0.044910650700330734,-0.02200264297425747,-0.022908002138137817,0.05412858724594116,0.06616242229938507,0.07243890315294266
L11H7,5,-0.018612409010529518,0.0018087339121848345,-0.020421143621206284,0.07218219339847565,0.06729584187269211,0.08323640376329422
L11H7,6,-0.02707354538142681,0.00734277069568634,-0.0344163179397583,0.0692051351070404,0.07575307786464691,0.08824428915977478
L11H7,7,0.042468179017305374,0.07417771965265274,-0.03170954808592796,0.09709112346172333,0.0888185128569603,0.08735683560371399
L11H7,8,0.005214743781834841,0.005509170703589916,-0.0002944273001048714,0.02575097791850567,0.026460083201527596,0.015816278755664825
L11H7,9,-0.03092876449227333,-0.004398598801344633,-0.02653016708791256,0.0673338919878006,0.07432723790407181,0.07759009301662445
L11H7,10,-0.020556146278977394,-0.0007089322316460311,-0.019847216084599495,0.05022665858268738,0.06468641757965088,0.06148766726255417
L11H7,11,-0.00497010163962841,0.013105412013828754,-0.01807551458477974,0.055722955614328384,0.05856144428253174,0.05567317083477974
L11H7,12,0.054368749260902405,0.07399209588766098,-0.019623352214694023,0.08870856463909149,0.09117738157510757,0.0742805078625679
L11H7,13,0.09784447401762009,0.1170065850019455,-0.019162114709615707,0.10624875873327255,0.10795644670724869,0.09095804393291473
L11H8,0,-0.4962098300457001,-0.27257877588272095,-0.22363105416297913,0.24735035002231598,0.3352545201778412,0.3886905610561371
L11H8,1,-0.05138859152793884,-0.10629184544086456,0.05490325391292572,0.10926865041255951,0.12042538076639175,0.11821065843105316
L11H8,2,0.04389551654458046,-0.04715311899781227,0.09104863554239273,0.16927789151668549,0.15356597304344177,0.165757954120636
L11H8,3,0.05868496745824814,-0.013212719932198524,0.07189768552780151,0.10920293629169464,0.11351072788238525,0.11967389285564423
L11H8,4,0.1240132749080658,0.039207521826028824,0.08480576425790787,0.10426032543182373,0.09516538679599762,0.11261928081512451
L11H8,5,0.16753652691841125,0.07688110321760178,0.09065541625022888,0.09771382063627243,0.09264679998159409,0.10454440116882324
L11H8,6,0.1397596299648285,0.06792327016592026,0.07183637470006943,0.11978419125080109,0.1339859813451767,0.12735432386398315
L11H8,7,0.10116560012102127,0.05748319998383522,0.04368240758776665,0.08538293838500977,0.08911901712417603,0.10081475973129272
L11H8,8,0.007534955162554979,0.006558492314070463,0.0009764618007466197,0.03373913839459419,0.030821138992905617,0.020226456224918365
L11H8,9,0.07309028506278992,0.0018637620378285646,0.07122652232646942,0.10616283118724823,0.12851904332637787,0.11714905500411987
L11H8,10,0.128841832280159,0.0497443750500679,0.07909747213125229,0.1470004916191101,0.12326763570308685,0.15054701268672943
L11H8,11,0.08220302313566208,0.040754884481430054,0.04144813492894173,0.07353310286998749,0.074578657746315,0.08464894443750381
L11H8,12,0.1196446418762207,0.08182046562433243,0.037824176251888275,0.09913641959428787,0.09548777341842651,0.11380961537361145
L11H8,13,0.23592860996723175,0.24255679547786713,-0.006628143601119518,0.1289876103401184,0.15148761868476868,0.12160269170999527
L11H9,0,0.06982702761888504,0.05824638530611992,0.01158064790070057,0.03630153089761734,0.03606043756008148,0.04208717495203018
L11H9,1,0.07934271544218063,0.06334752589464188,0.015995195135474205,0.04123638570308685,0.041850849986076355,0.04475177824497223
L11H9,2,0.08744900673627853,0.07110804319381714,0.016340963542461395,0.05527034029364586,0.050970807671546936,0.04919079691171646
L11H9,3,0.07835228741168976,0.06344328820705414,0.014908994548022747,0.03806616738438606,0.045090045779943466,0.04254776984453201
L11H9,4,0.06632652878761292,0.05323482304811478,0.013091707602143288,0.029755214229226112,0.03389977663755417,0.03625323995947838
L11H9,5,0.06785960495471954,0.05549006909132004,0.012369531206786633,0.038530249148607254,0.03640453889966011,0.04048297181725502
L11H9,6,0.08278542011976242,0.07616972178220749,0.006615700200200081,0.037946250289678574,0.039172399789094925,0.04575226083397865
L11H9,7,0.09666348993778229,0.07988883554935455,0.016774656251072884,0.046602725982666016,0.051073234528303146,0.05711062252521515
L11H9,8,0.005219059530645609,0.0038849872071295977,0.001334072556346655,0.02243025042116642,0.019158851355314255,0.014089039526879787
L11H9,9,0.1218152716755867,0.11109590530395508,0.01071937382221222,0.09429185837507248,0.11544089019298553,0.1296771764755249
L11H9,10,0.12252476066350937,0.09207985550165176,0.030444907024502754,0.09713646024465561,0.09543955326080322,0.10218364745378494
L11H9,11,0.0577625036239624,0.05855095013976097,-0.0007884473889134824,0.045094072818756104,0.041974883526563644,0.05181274935603142
L11H9,12,0.049456238746643066,0.07691125571727753,-0.027455011382699013,0.07984751462936401,0.11424921452999115,0.10395172238349915
L11H9,13,0.11037586629390717,0.143528550863266,-0.033152688294649124,0.07206965982913971,0.13915081322193146,0.13603368401527405
L11H10,0,0.0863104909658432,0.10001803189516068,-0.013707531616091728,0.036761511117219925,0.05343301594257355,0.06224668398499489
L11H10,1,0.04869123548269272,0.08429903537034988,-0.035607799887657166,0.07681386917829514,0.07406839728355408,0.07746419310569763
L11H10,2,0.02231040596961975,0.08643735945224762,-0.06412695348262787,0.126179501414299,0.09831904619932175,0.11317532509565353
L11H10,3,-0.06207699701189995,0.02596943825483322,-0.08804643899202347,0.14779870212078094,0.08885975182056427,0.122655488550663
L11H10,4,-0.0055865328758955,0.04536250978708267,-0.05094904080033302,0.09841520339250565,0.07730263471603394,0.09736817330121994
L11H10,5,-0.1074674129486084,0.005198681727051735,-0.11266608536243439,0.32706353068351746,0.17994250357151031,0.1997261345386505
L11H10,6,0.04776878282427788,-0.009985375218093395,0.05775415897369385,0.11516178399324417,0.14840291440486908,0.15176653861999512
L11H10,7,-0.06263358891010284,-0.05968281999230385,-0.002950763562694192,0.15142163634300232,0.1930086761713028,0.1428484320640564
L11H10,8,-0.0038674641400575638,-0.006575257051736116,0.0027077938430011272,0.03445622697472572,0.044458065181970596,0.04778376594185829
L11H10,9,-0.008613815531134605,0.06398139148950577,-0.07259520888328552,0.1363084614276886,0.13217179477214813,0.14506922662258148
L11H10,10,-0.029666943475604057,0.02961512841284275,-0.05928207188844681,0.16816844046115875,0.16638822853565216,0.10338764637708664
L11H10,11,0.027533911168575287,0.049385856837034225,-0.02185194566845894,0.09775730967521667,0.10065676271915436,0.13218599557876587
L11H10,12,0.01712013967335224,-0.013191476464271545,0.030311618000268936,0.10027920454740524,0.14113299548625946,0.1142551526427269
L11H10,13,-0.43759411573410034,-1.0908162593841553,0.6532221436500549,0.24631787836551666,0.4857095181941986,0.3717919588088989
L11H11,0,0.013975344598293304,-0.003169192699715495,0.01714453659951687,0.025785785168409348,0.032834067940711975,0.03562597185373306
L11H11,1,0.02249845676124096,-0.0001295461115660146,0.022628003731369972,0.032480619847774506,0.038717206567525864,0.043131470680236816
L11H11,2,0.023976296186447144,-0.0018273162422701716,0.025803612545132637,0.03711378201842308,0.042437776923179626,0.04804675653576851
L11H11,3,0.040337901562452316,0.0031348939519375563,0.03720301017165184,0.04559119790792465,0.04414661228656769,0.055958304554224014
L11H11,4,0.051217030733823776,0.008785993792116642,0.04243103787302971,0.03958830609917641,0.0502842552959919,0.05867601931095123
L11H11,5,0.05836297571659088,0.018706340342760086,0.039656635373830795,0.03996480628848076,0.041849371045827866,0.0525018572807312
L11H11,6,0.09774640947580338,0.04660418629646301,0.05114223062992096,0.07400742918252945,0.0923834890127182,0.09611883014440536
L11H11,7,0.07849568128585815,0.05622643604874611,0.022269247099757195,0.05512315034866333,0.07702210545539856,0.06782476603984833
L11H11,8,0.003310175845399499,0.004040594212710857,-0.0007304184255190194,0.019535154104232788,0.0223129540681839,0.020263057202100754
L11H11,9,0.06726861745119095,0.043810129165649414,0.023458490148186684,0.06134682148694992,0.08574507385492325,0.06896219402551651
L11H11,10,0.03749866411089897,0.018861256539821625,0.018637411296367645,0.051943425089120865,0.056414030492305756,0.0524255707859993
L11H11,11,0.07326754927635193,0.0579872652888298,0.015280285850167274,0.08517055958509445,0.11616849154233932,0.07483024895191193
L11H11,12,0.06774743646383286,0.05526845157146454,0.012478992342948914,0.057204719632864,0.08335791528224945,0.0832991823554039
L11H11,13,0.06533145904541016,0.060890715569257736,0.004440733697265387,0.06935090571641922,0.08963659405708313,0.08994712680578232
0_mlp_out,0,-0.04513401538133621,-0.18028730154037476,0.13515329360961914,0.207490935921669,0.21225380897521973,0.24426427483558655
0_mlp_out,1,0.47788238525390625,0.022717155516147614,0.45516514778137207,0.623209536075592,0.4053807854652405,0.646816611289978
0_mlp_out,2,0.3025505840778351,-0.064975805580616,0.36752641201019287,0.4189716577529907,0.368730366230011,0.5533745288848877
0_mlp_out,3,0.3641738295555115,-0.006690597627311945,0.3708644509315491,0.42653754353523254,0.30454400181770325,0.4359852075576782
0_mlp_out,4,0.17079739272594452,0.11919458955526352,0.051602814346551895,0.21298882365226746,0.19152364134788513,0.15949490666389465
0_mlp_out,5,0.28662723302841187,0.244168221950531,0.042458996176719666,0.2006533294916153,0.19470974802970886,0.1304107904434204
0_mlp_out,6,0.5221818685531616,1.7628273963928223,-1.2406455278396606,0.4079994261264801,0.5128113031387329,0.5688665509223938
0_mlp_out,7,0.04543808475136757,-0.006653297692537308,0.052091386169195175,0.08671429008245468,0.09752871096134186,0.09705553203821182
0_mlp_out,8,0.026653237640857697,0.018772583454847336,0.007880653254687786,0.11552557349205017,0.08501751720905304,0.06141558289527893
0_mlp_out,9,0.33674541115760803,0.03631660342216492,0.3004287779331207,0.4189639687538147,0.29543405771255493,0.4238695204257965
0_mlp_out,10,0.1559450626373291,-0.012951609678566456,0.1688966602087021,0.2228735387325287,0.19986291229724884,0.26892387866973877
0_mlp_out,11,0.26283639669418335,0.017702486366033554,0.24513395130634308,0.27485397458076477,0.20733298361301422,0.2845838963985443
0_mlp_out,12,0.11734047532081604,0.07189915329217911,0.045441318303346634,0.22936278581619263,0.19799402356147766,0.14850729703903198
0_mlp_out,13,0.2874637842178345,0.25234898924827576,0.035114794969558716,0.19801729917526245,0.19722707569599152,0.12483222037553787
1_mlp_out,0,0.12917247414588928,0.04196677356958389,0.08720569312572479,0.09908211976289749,0.1680278778076172,0.18832522630691528
1_mlp_out,1,-0.00894550234079361,-0.010213370434939861,0.0012678690254688263,0.18300321698188782,0.16991879045963287,0.19521082937717438
1_mlp_out,2,0.019868336617946625,-0.0017241203458979726,0.021592460572719574,0.18815255165100098,0.18604400753974915,0.20092833042144775
1_mlp_out,3,0.02575644850730896,0.014382733032107353,0.011373710818588734,0.1496056318283081,0.13839539885520935,0.16717840731143951
1_mlp_out,4,-0.008947529830038548,0.0013633082853630185,-0.010310838930308819,0.07461659610271454,0.08293261379003525,0.08080821484327316
1_mlp_out,5,0.02906075119972229,0.03309665620326996,-0.004035907331854105,0.052950840443372726,0.05728547275066376,0.05816718563437462
1_mlp_out,6,0.004998920019716024,-0.11792656779289246,0.12292549014091492,0.11181210726499557,0.16171017289161682,0.170945405960083
1_mlp_out,7,0.0509948655962944,-0.011078529991209507,0.062073398381471634,0.057992421090602875,0.05243562534451485,0.07422159612178802
1_mlp_out,8,-0.003924360033124685,-0.0068133058957755566,0.0028889463283121586,0.02105359174311161,0.030361367389559746,0.01864435337483883
1_mlp_out,9,-0.06560125201940536,-0.03871212154626846,-0.02688913606107235,0.14210717380046844,0.12201493978500366,0.1486670821905136
1_mlp_out,10,-0.022624753415584564,-0.020269790664315224,-0.0023549613542854786,0.09583200514316559,0.09337877482175827,0.10308504104614258
1_mlp_out,11,-0.02340642362833023,-0.014985978603363037,-0.008420447818934917,0.10415548831224442,0.0974501520395279,0.11851733177900314
1_mlp_out,12,0.0007178533705882728,-0.02325347065925598,0.023971322923898697,0.07113395631313324,0.07911022752523422,0.0796906128525734
1_mlp_out,13,0.017918094992637634,-0.0043311468325555325,0.022249238565564156,0.0627642348408699,0.06759157031774521,0.07354450970888138
2_mlp_out,0,0.19748637080192566,0.09464195370674133,0.10284436494112015,0.1668977439403534,0.23139770328998566,0.2618219554424286
2_mlp_out,1,0.04802083969116211,0.05348534137010574,-0.005464490968734026,0.17497438192367554,0.17019562423229218,0.20320206880569458
2_mlp_out,2,0.01067904382944107,0.012767039239406586,-0.002087991451844573,0.2080894261598587,0.18334916234016418,0.18524183332920074
2_mlp_out,3,0.11987905949354172,0.035268861800432205,0.084610216319561,0.2030470371246338,0.14910170435905457,0.21453742682933807
2_mlp_out,4,0.018436620011925697,0.05006526783108711,-0.031628645956516266,0.09402652084827423,0.0898013561964035,0.08687406778335571
2_mlp_out,5,0.07335858792066574,0.09254993498325348,-0.019191350787878036,0.10708308219909668,0.09534495323896408,0.08673801273107529
2_mlp_out,6,0.033485133200883865,-0.01910499855875969,0.052590128034353256,0.1325865536928177,0.14827942848205566,0.17197564244270325
2_mlp_out,7,-0.00533051323145628,0.013476366177201271,-0.018806880339980125,0.0702318623661995,0.07607793062925339,0.08297036588191986
2_mlp_out,8,-0.001285971375182271,-0.002049438888207078,0.0007634674548171461,0.02040752023458481,0.01788889244198799,0.019580267369747162
2_mlp_out,9,-0.010059372521936893,-0.007691247388720512,-0.0023681207094341516,0.13969755172729492,0.1258944571018219,0.16052205860614777
2_mlp_out,10,-0.03577348217368126,-0.023090383037924767,-0.012683098204433918,0.11896681040525436,0.10922049731016159,0.10803035646677017
2_mlp_out,11,0.01600205898284912,0.008837603963911533,0.00716445641592145,0.11258840560913086,0.1059725284576416,0.10990305244922638
2_mlp_out,12,-0.03617546334862709,-0.012612098827958107,-0.023563362658023834,0.0730246752500534,0.07746045291423798,0.09069851785898209
2_mlp_out,13,0.04074179381132126,0.04538150504231453,-0.00463970797136426,0.09829359501600266,0.09819642454385757,0.08973817527294159
3_mlp_out,0,0.09094756841659546,0.06476212292909622,0.026185447350144386,0.07850675284862518,0.10878690332174301,0.11869223415851593
3_mlp_out,1,0.07061264663934708,0.0442923940718174,0.026320260018110275,0.17072170972824097,0.15526264905929565,0.16783085465431213
3_mlp_out,2,0.1295773684978485,0.054060161113739014,0.0755172148346901,0.2269648313522339,0.22473610937595367,0.21413587033748627
3_mlp_out,3,0.19475528597831726,0.103531613945961,0.09122366458177567,0.1950201541185379,0.16366638243198395,0.17881330847740173
3_mlp_out,4,0.05622214823961258,0.07491205632686615,-0.018689900636672974,0.09602008014917374,0.10907682031393051,0.09762568026781082
3_mlp_out,5,0.059963636100292206,0.09821781516075134,-0.038254186511039734,0.12082446366548538,0.10660739243030548,0.11977685242891312
3_mlp_out,6,-0.010219275020062923,-0.02957303822040558,0.01935376413166523,0.18819545209407806,0.15874440968036652,0.1525627225637436
3_mlp_out,7,-0.020380061119794846,-0.012014259584248066,-0.008365802466869354,0.06705349683761597,0.07524450123310089,0.07507352530956268
3_mlp_out,8,0.005366862285882235,0.0039030711632221937,0.001463791006244719,0.029583124443888664,0.026341360062360764,0.023470086976885796
3_mlp_out,9,0.030359746888279915,0.015432814136147499,0.014926929958164692,0.12095826864242554,0.13067151606082916,0.1249912679195404
3_mlp_out,10,0.030011191964149475,0.0059966640546917915,0.024014528840780258,0.11502186954021454,0.11135123670101166,0.11473944038152695
3_mlp_out,11,0.07092529535293579,0.029188230633735657,0.04173705354332924,0.12022128701210022,0.11353865265846252,0.11291182786226273
3_mlp_out,12,-0.037116628140211105,-0.019698552787303925,-0.01741807535290718,0.09801677614450455,0.08790834248065948,0.08103468269109726
3_mlp_out,13,0.01904011145234108,0.06414119899272919,-0.04510108754038811,0.11604517698287964,0.09778246283531189,0.13273781538009644
4_mlp_out,0,0.09735414385795593,0.068366140127182,0.02898801490664482,0.1053968295454979,0.11659219861030579,0.1077934056520462
4_mlp_out,1,-0.022694088518619537,-0.021971143782138824,-0.0007229462498798966,0.11524780839681625,0.14146223664283752,0.13775211572647095
4_mlp_out,2,0.10987646132707596,0.036952607333660126,0.07292385399341583,0.195163756608963,0.2095051258802414,0.21792666614055634
4_mlp_out,3,0.10555770248174667,0.05745227262377739,0.048105429857969284,0.14268578588962555,0.17027749121189117,0.1769496351480484
4_mlp_out,4,0.046012695878744125,0.04576784744858742,0.0002448454615660012,0.08224895596504211,0.08383328467607498,0.09378763288259506
4_mlp_out,5,0.12100722640752792,0.13869385421276093,-0.017686638981103897,0.09872930496931076,0.10538279265165329,0.1170523390173912
4_mlp_out,6,-0.0002645797503646463,-0.07143183797597885,0.07116725295782089,0.14075405895709991,0.1272173672914505,0.1473212093114853
4_mlp_out,7,0.05871359631419182,0.049663327634334564,0.009050270542502403,0.0638028085231781,0.07079365104436874,0.08237022906541824
4_mlp_out,8,-0.0027865502052009106,0.0003785264561884105,-0.0031650769524276257,0.020279543474316597,0.016892068088054657,0.02573329582810402
4_mlp_out,9,-0.036668356508016586,-0.039310939610004425,0.0026425805408507586,0.091778464615345,0.10657145082950592,0.10729053616523743
4_mlp_out,10,0.035792239010334015,0.013645620085299015,0.022146617993712425,0.08894819021224976,0.11157483607530594,0.11188922077417374
4_mlp_out,11,0.02461828477680683,0.009241670370101929,0.015376614406704903,0.0780673697590828,0.09675174206495285,0.1068839281797409
4_mlp_out,12,0.019781680777668953,0.01635872758924961,0.0034229501616209745,0.06605453789234161,0.09070426225662231,0.08887791633605957
4_mlp_out,13,0.10482871532440186,0.10726477205753326,-0.0024360651150345802,0.08499306440353394,0.10688310861587524,0.11528173834085464
5_mlp_out,0,0.1451098769903183,0.12878787517547607,0.016322005540132523,0.1583089828491211,0.1319589614868164,0.1654360443353653
5_mlp_out,1,0.07151811569929123,0.045648910105228424,0.025869213044643402,0.15580357611179352,0.15638548135757446,0.17011600732803345
5_mlp_out,2,0.20243152976036072,0.09454258531332016,0.10788895934820175,0.29970821738243103,0.24835747480392456,0.29625260829925537
5_mlp_out,3,0.11967001855373383,0.10039946436882019,0.01927053928375244,0.1654399186372757,0.17918992042541504,0.18641112744808197
5_mlp_out,4,0.03517097979784012,0.04540686309337616,-0.01023588515818119,0.10305311530828476,0.11006604135036469,0.10136798769235611
5_mlp_out,5,0.11774816364049911,0.12414298951625824,-0.006394826807081699,0.18846753239631653,0.20060738921165466,0.16741719841957092
5_mlp_out,6,0.01992899738252163,-0.0442599356174469,0.06418892741203308,0.15940316021442413,0.18979041278362274,0.19817419350147247
5_mlp_out,7,0.03715468570590019,0.027528326958417892,0.009626354090869427,0.0707056000828743,0.0895732119679451,0.0959884449839592
5_mlp_out,8,0.0014630841324105859,0.0009719115332700312,0.0004911728901788592,0.023085564374923706,0.01720076985657215,0.0294819213449955
5_mlp_out,9,0.0008670464158058167,-0.0015490478835999966,0.002416094997897744,0.13338489830493927,0.1462731808423996,0.14428722858428955
5_mlp_out,10,-0.014460012316703796,-0.018085451796650887,0.0036254427395761013,0.1736723780632019,0.14154329895973206,0.16094428300857544
5_mlp_out,11,-0.03663155809044838,-0.010194774717092514,-0.026436787098646164,0.141476109623909,0.144110769033432,0.13675762712955475
5_mlp_out,12,-0.019702153280377388,-0.0422731451690197,0.022570990025997162,0.11297647655010223,0.14039917290210724,0.1343221515417099
5_mlp_out,13,-0.07410753518342972,-0.06781277060508728,-0.006294759456068277,0.14823143184185028,0.17308081686496735,0.17314520478248596
6_mlp_out,0,0.028075026348233223,-0.03729167580604553,0.0653667002916336,0.10693100094795227,0.11853493750095367,0.11523762345314026
6_mlp_out,1,0.06842179596424103,0.041723862290382385,0.026697933673858643,0.26715853810310364,0.2272886037826538,0.23176410794258118
6_mlp_out,2,0.22854992747306824,0.10285180807113647,0.12569811940193176,0.30386844277381897,0.25137388706207275,0.3155340850353241
6_mlp_out,3,0.028146347030997276,-0.009329434484243393,0.03747578710317612,0.18219108879566193,0.19264289736747742,0.2202712744474411
6_mlp_out,4,0.03373042494058609,0.058921780437231064,-0.025191353633999825,0.16782520711421967,0.1503554731607437,0.12397957593202591
6_mlp_out,5,0.2882258892059326,0.26044172048568726,0.027784155681729317,0.15887446701526642,0.17514857649803162,0.17402096092700958
6_mlp_out,6,-0.07393299043178558,-0.020834308117628098,-0.05309867113828659,0.1797887533903122,0.19905248284339905,0.18763673305511475
6_mlp_out,7,0.054865576326847076,0.09469833970069885,-0.03983275964856148,0.11062731593847275,0.10738594084978104,0.11530999094247818
6_mlp_out,8,0.006379522383213043,0.006504041608422995,-0.0001245196326635778,0.03582390770316124,0.03313462808728218,0.027480555698275566
6_mlp_out,9,0.01839095540344715,0.021686945110559464,-0.0032959876116365194,0.22119778394699097,0.197368323802948,0.1930224597454071
6_mlp_out,10,0.09013766050338745,0.05860719457268715,0.0315304696559906,0.13853593170642853,0.1425832211971283,0.15062502026557922
6_mlp_out,11,-0.03386697918176651,-0.01764695532619953,-0.01622002385556698,0.13786117732524872,0.13384059071540833,0.16576382517814636
6_mlp_out,12,0.06986959278583527,0.03879519924521446,0.031074387952685356,0.12789474427700043,0.13167081773281097,0.15570759773254395
6_mlp_out,13,0.2697707414627075,0.14020030200481415,0.12957046926021576,0.1759912669658661,0.1704152524471283,0.18685537576675415
7_mlp_out,0,0.05708538740873337,0.07130008935928345,-0.014214702881872654,0.1130722165107727,0.14820733666419983,0.17131543159484863
7_mlp_out,1,0.09662383049726486,-0.03655603155493736,0.13317985832691193,0.3600890040397644,0.291726291179657,0.3642995059490204
7_mlp_out,2,0.4252317547798157,-0.008300415240228176,0.4335322082042694,0.5604955554008484,0.3441981375217438,0.5894842147827148
7_mlp_out,3,0.3551015555858612,0.02909480780363083,0.3260067105293274,0.3535468876361847,0.23699358105659485,0.42089855670928955
7_mlp_out,4,0.18944397568702698,0.15979453921318054,0.029649415984749794,0.18903009593486786,0.1662248969078064,0.1537325531244278
7_mlp_out,5,0.5790088772773743,0.533574640750885,0.045434240251779556,0.22587622702121735,0.23634883761405945,0.20253361761569977
7_mlp_out,6,-0.014299621805548668,0.022799288854002953,-0.03709891811013222,0.28216272592544556,0.2585742175579071,0.2748246490955353
7_mlp_out,7,-0.0013643137644976377,-0.024100350216031075,0.02273603528738022,0.129667729139328,0.1416419893503189,0.12936052680015564
7_mlp_out,8,0.009472235105931759,0.007255609147250652,0.0022166266571730375,0.04433741420507431,0.03959045559167862,0.027103187516331673
7_mlp_out,9,-0.003946451935917139,-0.1138385608792305,0.1098921000957489,0.20232754945755005,0.22803346812725067,0.2382114678621292
7_mlp_out,10,0.08309740573167801,-0.04244966432452202,0.12554708123207092,0.1858144849538803,0.19259576499462128,0.2338721603155136
7_mlp_out,11,0.035313401371240616,-0.04072535037994385,0.07603874802589417,0.17881712317466736,0.17496377229690552,0.17867332696914673
7_mlp_out,12,0.021678827702999115,0.027360588312149048,-0.005681762006133795,0.21210995316505432,0.2156190276145935,0.17681220173835754
7_mlp_out,13,0.4735504388809204,0.5037279725074768,-0.0301775261759758,0.26904362440109253,0.3214050531387329,0.20906472206115723
8_mlp_out,0,-0.10154011100530624,-0.08305611461400986,-0.018483996391296387,0.14232246577739716,0.14376875758171082,0.1805579662322998
8_mlp_out,1,0.08911081403493881,-0.014748677611351013,0.10385948419570923,0.32104969024658203,0.30668553709983826,0.3391169309616089
8_mlp_out,2,0.1406959444284439,0.003473967546597123,0.13722199201583862,0.4062427282333374,0.3602364957332611,0.41966527700424194
8_mlp_out,3,0.11335991322994232,-0.03792031481862068,0.1512802243232727,0.4156750440597534,0.29707232117652893,0.47678378224372864
8_mlp_out,4,0.3261803984642029,0.27497032284736633,0.05121012032032013,0.33001863956451416,0.30199748277664185,0.19469748437404633
8_mlp_out,5,1.1480376720428467,1.0795073509216309,0.06853024661540985,0.32593652606010437,0.3344973027706146,0.2856661081314087
8_mlp_out,6,-0.07295360416173935,0.03403037041425705,-0.1069839745759964,0.46890634298324585,0.4101192057132721,0.3720943033695221
8_mlp_out,7,0.29035377502441406,0.24846762418746948,0.0418861098587513,0.21422752737998962,0.19290417432785034,0.16888447105884552
8_mlp_out,8,0.03004918061196804,0.02528604492545128,0.004763133358210325,0.12352196127176285,0.10757820308208466,0.035160716623067856
8_mlp_out,9,0.03079044818878174,-0.020047683268785477,0.050838127732276917,0.24977323412895203,0.2541930079460144,0.23293353617191315
8_mlp_out,10,0.0697251483798027,0.015567677095532417,0.054157473146915436,0.2620515823364258,0.2505881190299988,0.24966523051261902
8_mlp_out,11,0.13025683164596558,0.03205397352576256,0.09820286184549332,0.16386906802654266,0.18648122251033783,0.20484334230422974
8_mlp_out,12,0.3648817539215088,0.3008940517902374,0.06398770958185196,0.2393665909767151,0.25900396704673767,0.22564519941806793
8_mlp_out,13,0.8783445954322815,0.9796477556228638,-0.10130314528942108,0.31966257095336914,0.38823583722114563,0.3197542428970337
9_mlp_out,0,-0.1024717316031456,-0.04112301766872406,-0.06134871020913124,0.11484014242887497,0.1684817671775818,0.16788025200366974
9_mlp_out,1,0.10347474366426468,-0.049186620861291885,0.15266136825084686,0.3874552845954895,0.33488112688064575,0.4404508173465729
9_mlp_out,2,0.368571013212204,-0.06955180317163467,0.43812280893325806,0.5807710289955139,0.42499881982803345,0.652765154838562
9_mlp_out,3,0.1869596689939499,0.05828241631388664,0.12867724895477295,0.30878597497940063,0.31164953112602234,0.3581097722053528
9_mlp_out,4,0.48259055614471436,0.324857622385025,0.15773290395736694,0.3320119380950928,0.33009594678878784,0.27558618783950806
9_mlp_out,5,1.7180659770965576,1.2864757776260376,0.43159016966819763,0.5333765745162964,0.45817863941192627,0.5181438326835632
9_mlp_out,6,-0.2011486142873764,-0.11271576583385468,-0.08843284100294113,0.36934784054756165,0.3391592502593994,0.32677894830703735
9_mlp_out,7,0.3564746379852295,0.37244322896003723,-0.01596861146390438,0.20843398571014404,0.24540086090564728,0.23707331717014313
9_mlp_out,8,0.023378070443868637,0.020051542669534683,0.003326526377350092,0.1079658642411232,0.08967503160238266,0.04414981231093407
9_mlp_out,9,0.07217158377170563,-0.10486003011465073,0.17703162133693695,0.250531941652298,0.27896299958229065,0.33257555961608887
9_mlp_out,10,0.14190740883350372,0.028649257495999336,0.11325815320014954,0.3450543284416199,0.3321259021759033,0.2949713468551636
9_mlp_out,11,0.042649731040000916,0.1180768683552742,-0.07542712241411209,0.20629489421844482,0.205307275056839,0.2617952823638916
9_mlp_out,12,0.2541626989841461,0.2903667390346527,-0.03620406240224838,0.24073076248168945,0.22467564046382904,0.24741923809051514
9_mlp_out,13,0.9381418228149414,1.358276605606079,-0.42013487219810486,0.3356544077396393,0.3939915895462036,0.41002294421195984
10_mlp_out,0,0.16443270444869995,0.09485911577939987,0.06957358121871948,0.11188165843486786,0.15682078897953033,0.18801553547382355
10_mlp_out,1,0.10215765982866287,0.05254371836781502,0.049613941460847855,0.361132949590683,0.3667145073413849,0.37845471501350403
10_mlp_out,2,0.025211334228515625,0.05525220185518265,-0.030040865764021873,0.5163378119468689,0.51556795835495,0.4814077615737915
10_mlp_out,3,0.1387302726507187,0.1193537563085556,0.019376523792743683,0.3623620569705963,0.33264514803886414,0.40314823389053345
10_mlp_out,4,0.6990581154823303,0.4511565864086151,0.24790149927139282,0.4541805386543274,0.5310426950454712,0.3116125166416168
10_mlp_out,5,2.190186023712158,1.5256850719451904,0.6645007729530334,0.4947161376476288,0.5361531376838684,0.5901123285293579
10_mlp_out,6,0.326672226190567,0.2908446192741394,0.03582761809229851,0.4136006832122803,0.44634538888931274,0.3398679494857788
10_mlp_out,7,0.9482733011245728,0.7821645140647888,0.16610878705978394,0.32201775908470154,0.32278215885162354,0.25870904326438904
10_mlp_out,8,0.045015133917331696,0.04713457077741623,-0.0021194382570683956,0.19169455766677856,0.19864971935749054,0.043459225445985794
10_mlp_out,9,0.2052142471075058,0.016670161858201027,0.18854407966136932,0.3760000765323639,0.4433344602584839,0.44072219729423523
10_mlp_out,10,0.1668948233127594,0.010409642942249775,0.1564851552248001,0.413840115070343,0.4326205253601074,0.4049288034439087
10_mlp_out,11,0.3606164753437042,0.23671256005764008,0.12390392273664474,0.27935343980789185,0.3093166947364807,0.29811111092567444
10_mlp_out,12,0.6701868772506714,0.593999445438385,0.07618745416402817,0.4044784605503082,0.4067414700984955,0.32768839597702026
10_mlp_out,13,1.9429343938827515,2.885685443878174,-0.9427511096000671,0.4807661175727844,0.8795713186264038,0.7688475847244263
11_mlp_out,0,-0.3085196912288666,-0.21616198122501373,-0.09235768765211105,0.14655859768390656,0.23996488749980927,0.25546935200691223
11_mlp_out,1,-0.37934643030166626,-0.16697447001934052,-0.21237191557884216,0.9045285582542419,0.6615481972694397,0.9038025140762329
11_mlp_out,2,-0.6206895112991333,0.007219954859465361,-0.6279095411300659,1.3101561069488525,1.0382020473480225,1.1556437015533447
11_mlp_out,3,-0.24397844076156616,0.025350088253617287,-0.2693285048007965,0.8529790639877319,0.4660605788230896,0.7189725041389465
11_mlp_out,4,0.5923643708229065,0.5989766120910645,-0.006612217519432306,0.6111258268356323,0.47997093200683594,0.4465409517288208
11_mlp_out,5,-0.06271377950906754,0.7052193880081177,-0.7679331302642822,0.9024640917778015,0.6847113370895386,0.7388985753059387
11_mlp_out,6,0.2763482332229614,0.26137322187423706,0.014975008554756641,0.7270495295524597,0.5997593998908997,0.5857023596763611
11_mlp_out,7,1.6672658920288086,1.6603856086730957,0.00688008451834321,0.8273503184318542,0.8085681796073914,0.2784535884857178
11_mlp_out,8,-0.02419661544263363,-0.01356493216007948,-0.010631685145199299,0.12625060975551605,0.09515546262264252,0.11182104051113129
11_mlp_out,9,-0.26417091488838196,-0.09373178333044052,-0.17043912410736084,0.7797724604606628,0.7358429431915283,0.6158071160316467
11_mlp_out,10,0.17258290946483612,0.11886927485466003,0.0537136048078537,0.7749271988868713,0.7202207446098328,0.6058505177497864
11_mlp_out,11,0.4995535910129547,0.5628207921981812,-0.06326717883348465,0.456875741481781,0.44916093349456787,0.35350558161735535
11_mlp_out,12,0.6333274245262146,0.6108067035675049,0.022520694881677628,0.5061649680137634,0.522589921951294,0.3616250455379486
11_mlp_out,13,0.6891228556632996,0.9850444793701172,-0.29592156410217285,1.2510350942611694,1.5314650535583496,0.6665793061256409
embed,0,-0.0971539095044136,-0.0753585547208786,-0.02179536037147045,0.02966170944273472,0.03620094433426857,0.03608272224664688
embed,1,0.14219291508197784,0.00482616713270545,0.13736674189567566,0.30480119585990906,0.10505124926567078,0.24847526848316193
embed,2,0.006324606481939554,-0.0499449297785759,0.056269533932209015,0.09629949927330017,0.07577864080667496,0.12232609838247299
embed,3,0.02484600618481636,-0.036641571670770645,0.06148757040500641,0.17505669593811035,0.08195856958627701,0.14131449162960052
embed,4,-0.021349001675844193,-0.009253378957509995,-0.012095622718334198,0.043339721858501434,0.03544129058718681,0.03688831999897957
embed,5,-0.03432578220963478,-0.023984305560588837,-0.01034147571772337,0.016780758276581764,0.017872517928481102,0.01803646981716156
embed,6,0.25003063678741455,0.8885713219642639,-0.6385407447814941,0.09460398554801941,0.16772215068340302,0.21868887543678284
embed,7,-0.03890348598361015,-0.03191026672720909,-0.006993214134126902,0.013061948120594025,0.017177030444145203,0.01620561070740223
embed,8,0.0013523832894861698,0.0009237838094122708,0.00042859939276240766,0.009016796946525574,0.010002988390624523,0.006349913775920868
embed,9,0.09859251976013184,0.001701936824247241,0.09689058363437653,0.20683608949184418,0.07398757338523865,0.16995513439178467
embed,10,0.0032337356824427843,-0.02789372205734253,0.031127458438277245,0.05564090237021446,0.04191398248076439,0.06644321978092194
embed,11,0.020444434136152267,-0.026260295882821083,0.0467047281563282,0.12631526589393616,0.059989772737026215,0.10323800146579742
embed,12,-0.01527390256524086,-0.013126456178724766,-0.0021474426612257957,0.045430928468704224,0.031652841717004776,0.03301136940717697
embed,13,-0.03488604351878166,-0.02446643076837063,-0.010419615544378757,0.016777021810412407,0.018201665952801704,0.018160594627261162
pos_embed,0,0.001997514860704541,0.023235928267240524,-0.021238412708044052,0.040235403925180435,0.05063409358263016,0.059159304946660995
pos_embed,1,0.0027383584529161453,0.026453519240021706,-0.02371515892446041,0.036313366144895554,0.041757550090551376,0.055858638137578964
pos_embed,2,-0.0006193213630467653,0.028901521116495132,-0.02952084131538868,0.03505675122141838,0.04542247951030731,0.06166689470410347
pos_embed,3,-2.6994755899067968e-05,0.016254212707281113,-0.016281208023428917,0.024276291951537132,0.026679934933781624,0.03565014526247978
pos_embed,4,0.002359614707529545,0.016423195600509644,-0.014063579961657524,0.020851610228419304,0.022784141823649406,0.029523100703954697
pos_embed,5,0.006547949276864529,0.01733529008924961,-0.010787340812385082,0.01878533326089382,0.021015794947743416,0.025584593415260315
pos_embed,6,0.009711131453514099,0.022661417722702026,-0.012950282543897629,0.02161744423210621,0.025213871151208878,0.030633827671408653
pos_embed,7,0.009688770398497581,0.01921086758375168,-0.009522096253931522,0.01677558198571205,0.019659139215946198,0.023584524169564247
pos_embed,8,0.0005442662513814867,0.00039325683610513806,0.0001510093716206029,0.003856565337628126,0.004684349987655878,0.005582618992775679
pos_embed,9,0.013485516421496868,0.023623794317245483,-0.01013827882707119,0.018847618252038956,0.023073013871908188,0.026588074862957
pos_embed,10,0.013830284588038921,0.021864086389541626,-0.008033799938857555,0.016059931367635727,0.021524719893932343,0.02299964241683483
pos_embed,11,0.01449078880250454,0.020077040418982506,-0.005586250219494104,0.014859168790280819,0.017049100250005722,0.018863864243030548
pos_embed,12,0.01894877851009369,0.024426348507404327,-0.005477569065988064,0.01786196231842041,0.019663140177726746,0.021579112857580185
pos_embed,13,0.02600601688027382,0.029029959812760353,-0.0030239473562687635,0.020191676914691925,0.021920474246144295,0.02272144705057144
bias,0,0.5005233883857727,0.2651509642601013,0.23537245392799377,0.4832981824874878,0.6344910264015198,0.7132256627082825
bias,1,0.5208957195281982,0.26408860087394714,0.2568071186542511,0.5135111808776855,0.6583385467529297,0.7428504824638367
bias,2,0.5292008519172668,0.2608792185783386,0.26832160353660583,0.5743315815925598,0.7361224889755249,0.8457186818122864
bias,3,0.4134124219417572,0.21637336909770966,0.19703905284404755,0.4119480550289154,0.526089072227478,0.5817933082580566
bias,4,0.38986775279045105,0.21165750920772552,0.17821022868156433,0.38908278942108154,0.4899689257144928,0.5301882028579712
bias,5,0.3584592342376709,0.18698783218860626,0.17147141695022583,0.3482974171638489,0.4483537971973419,0.49597522616386414
bias,6,0.45341959595680237,0.24515029788017273,0.20826928317546844,0.45680463314056396,0.5600093007087708,0.6206609606742859
bias,7,0.3524497151374817,0.1871144026517868,0.16533534228801727,0.3439083993434906,0.445108562707901,0.4940183460712433
bias,8,0.011935335583984852,0.004260633606463671,0.007674701977521181,0.07126424461603165,0.07727663218975067,0.0857376679778099
bias,9,0.4016824960708618,0.21086880564689636,0.19081366062164307,0.39121848344802856,0.5165728330612183,0.5735794305801392
bias,10,0.3130198121070862,0.1645408421754837,0.1484789252281189,0.35848256945610046,0.4525872766971588,0.5039640069007874
bias,11,0.3015117943286896,0.1609521508216858,0.1405596137046814,0.30106860399246216,0.381536602973938,0.41996005177497864
bias,12,0.3444698452949524,0.19125397503376007,0.15321582555770874,0.37995943427085876,0.4531160593032837,0.482807993888855
bias,13,0.3620609939098358,0.19542399048805237,0.16663703322410583,0.35780367255210876,0.4593633711338043,0.5141462683677673
embed,0,-0.0971539095044136,-0.0753585547208786,-0.02179536037147045,0.02966170944273472,0.03620094433426857,0.03608272224664688
embed,1,0.14219291508197784,0.00482616713270545,0.13736674189567566,0.30480119585990906,0.10505124926567078,0.24847526848316193
embed,2,0.006324606481939554,-0.0499449297785759,0.056269533932209015,0.09629949927330017,0.07577864080667496,0.12232609838247299
embed,3,0.02484600618481636,-0.036641571670770645,0.06148757040500641,0.17505669593811035,0.08195856958627701,0.14131449162960052
embed,4,-0.021349001675844193,-0.009253378957509995,-0.012095622718334198,0.043339721858501434,0.03544129058718681,0.03688831999897957
embed,5,-0.03432578220963478,-0.023984305560588837,-0.01034147571772337,0.016780758276581764,0.017872517928481102,0.01803646981716156
embed,6,0.25003063678741455,0.8885713219642639,-0.6385407447814941,0.09460398554801941,0.16772215068340302,0.21868887543678284
embed,7,-0.03890348598361015,-0.03191026672720909,-0.006993214134126902,0.013061948120594025,0.017177030444145203,0.01620561070740223
embed,8,0.0013523832894861698,0.0009237838094122708,0.00042859939276240766,0.009016796946525574,0.010002988390624523,0.006349913775920868
embed,9,0.09859251976013184,0.001701936824247241,0.09689058363437653,0.20683608949184418,0.07398757338523865,0.16995513439178467
embed,10,0.0032337356824427843,-0.02789372205734253,0.031127458438277245,0.05564090237021446,0.04191398248076439,0.06644321978092194
embed,11,0.020444434136152267,-0.026260295882821083,0.0467047281563282,0.12631526589393616,0.059989772737026215,0.10323800146579742
embed,12,-0.01527390256524086,-0.013126456178724766,-0.0021474426612257957,0.045430928468704224,0.031652841717004776,0.03301136940717697
embed,13,-0.03488604351878166,-0.02446643076837063,-0.010419615544378757,0.016777021810412407,0.018201665952801704,0.018160594627261162
pos_embed,0,0.001997514860704541,0.023235928267240524,-0.021238412708044052,0.040235403925180435,0.05063409358263016,0.059159304946660995
pos_embed,1,0.0027383584529161453,0.026453519240021706,-0.02371515892446041,0.036313366144895554,0.041757550090551376,0.055858638137578964
pos_embed,2,-0.0006193213630467653,0.028901521116495132,-0.02952084131538868,0.03505675122141838,0.04542247951030731,0.06166689470410347
pos_embed,3,-2.6994755899067968e-05,0.016254212707281113,-0.016281208023428917,0.024276291951537132,0.026679934933781624,0.03565014526247978
pos_embed,4,0.002359614707529545,0.016423195600509644,-0.014063579961657524,0.020851610228419304,0.022784141823649406,0.029523100703954697
pos_embed,5,0.006547949276864529,0.01733529008924961,-0.010787340812385082,0.01878533326089382,0.021015794947743416,0.025584593415260315
pos_embed,6,0.009711131453514099,0.022661417722702026,-0.012950282543897629,0.02161744423210621,0.025213871151208878,0.030633827671408653
pos_embed,7,0.009688770398497581,0.01921086758375168,-0.009522096253931522,0.01677558198571205,0.019659139215946198,0.023584524169564247
pos_embed,8,0.0005442662513814867,0.00039325683610513806,0.0001510093716206029,0.003856565337628126,0.004684349987655878,0.005582618992775679
pos_embed,9,0.013485516421496868,0.023623794317245483,-0.01013827882707119,0.018847618252038956,0.023073013871908188,0.026588074862957
pos_embed,10,0.013830284588038921,0.021864086389541626,-0.008033799938857555,0.016059931367635727,0.021524719893932343,0.02299964241683483
pos_embed,11,0.01449078880250454,0.020077040418982506,-0.005586250219494104,0.014859168790280819,0.017049100250005722,0.018863864243030548
pos_embed,12,0.01894877851009369,0.024426348507404327,-0.005477569065988064,0.01786196231842041,0.019663140177726746,0.021579112857580185
pos_embed,13,0.02600601688027382,0.029029959812760353,-0.0030239473562687635,0.020191676914691925,0.021920474246144295,0.02272144705057144
0_attn_out,0,0.00670664245262742,-0.060124292969703674,0.06683093309402466,0.14128100872039795,0.15001215040683746,0.18071196973323822
0_attn_out,1,0.14333516359329224,-0.08642885088920593,0.22976401448249817,0.3289453089237213,0.2712583839893341,0.38099029660224915
0_attn_out,2,0.14597202837467194,-0.07990232855081558,0.2258743792772293,0.2677558660507202,0.3344518542289734,0.34292900562286377
0_attn_out,3,0.16239070892333984,-0.039373189210891724,0.20176391303539276,0.21050433814525604,0.22845326364040375,0.2460355907678604
0_attn_out,4,0.18674485385417938,0.05416790768504143,0.13257695734500885,0.1494460254907608,0.15506017208099365,0.17779864370822906
0_attn_out,5,0.29908543825149536,0.15350869297981262,0.14557678997516632,0.13600772619247437,0.15533165633678436,0.17197243869304657
0_attn_out,6,0.2774249017238617,0.5709513425827026,-0.29352644085884094,0.27704891562461853,0.2424810230731964,0.2480025291442871
0_attn_out,7,0.3527053892612457,0.2981548309326172,0.05455058068037033,0.1622716784477234,0.17389018833637238,0.1792832612991333
0_attn_out,8,0.005434292834252119,0.0070388177409768105,-0.0016045242082327604,0.03826282173395157,0.04533175379037857,0.03792451322078705
0_attn_out,9,0.09545928984880447,-0.05681720748543739,0.15227648615837097,0.2626498341560364,0.25851941108703613,0.29884958267211914
0_attn_out,10,0.09561854600906372,-0.02454146184027195,0.12016001343727112,0.19057883322238922,0.21521180868148804,0.20922422409057617
0_attn_out,11,0.1170210987329483,-0.0141838900744915,0.1312049925327301,0.17130151391029358,0.1865496188402176,0.18266631662845612
0_attn_out,12,0.1796654760837555,0.07916547358036041,0.10049999505281448,0.17624644935131073,0.18104608356952667,0.16884024441242218
0_attn_out,13,0.3259817063808441,0.19826355576515198,0.12771818041801453,0.14794866740703583,0.1679460108280182,0.17984479665756226
1_attn_out,0,0.1504204273223877,0.07009638845920563,0.08032402396202087,0.11040051281452179,0.1101350262761116,0.13598334789276123
1_attn_out,1,0.05141071602702141,0.002140003489330411,0.04927071928977966,0.09251393377780914,0.09332142025232315,0.10737618058919907
1_attn_out,2,0.09537660330533981,0.018481263890862465,0.0768953263759613,0.11141538619995117,0.11631286144256592,0.13724453747272491
1_attn_out,3,0.13097813725471497,0.04127771034836769,0.08970043063163757,0.09565339237451553,0.09245792776346207,0.10448019206523895
1_attn_out,4,0.11576411873102188,0.061288315802812576,0.0544758141040802,0.06627173721790314,0.06978773325681686,0.07309723645448685
1_attn_out,5,0.13507011532783508,0.11748537421226501,0.017584752291440964,0.058378659188747406,0.06357568502426147,0.06986552476882935
1_attn_out,6,0.17257210612297058,0.12520845234394073,0.047363657504320145,0.11012151092290878,0.10292764008045197,0.12282174080610275
1_attn_out,7,0.1038319543004036,0.12334047257900238,-0.019508522003889084,0.058901190757751465,0.06432941555976868,0.062477998435497284
1_attn_out,8,0.007338284514844418,0.010040676221251488,-0.0027023928705602884,0.032496754080057144,0.045541029423475266,0.022201359272003174
1_attn_out,9,0.06853814423084259,0.11356981843709946,-0.045031677931547165,0.08602765947580338,0.09333156794309616,0.08353264629840851
1_attn_out,10,0.06795940548181534,0.08872071653604507,-0.020761316642165184,0.08139670640230179,0.09413941204547882,0.07805179059505463
1_attn_out,11,0.08340726047754288,0.0891699343919754,-0.005762676242738962,0.06878368556499481,0.07685448974370956,0.07534205913543701
1_attn_out,12,0.08836416900157928,0.10848850756883621,-0.020124340429902077,0.0942734032869339,0.12727734446525574,0.08342641592025757
1_attn_out,13,0.13748380541801453,0.14964663982391357,-0.01216284278780222,0.06523023545742035,0.06775004416704178,0.07269927859306335
2_attn_out,0,0.04441560059785843,0.00970908347517252,0.03470651060342789,0.044062793254852295,0.03817707300186157,0.06189100816845894
2_attn_out,1,0.04906287044286728,0.031348418444395065,0.017714455723762512,0.0706983357667923,0.09538742899894714,0.1101122796535492
2_attn_out,2,0.09861587733030319,0.021516256034374237,0.07709962129592896,0.1411711424589157,0.1290159374475479,0.14244966208934784
2_attn_out,3,0.12472501397132874,0.052694618701934814,0.07203038781881332,0.10984990745782852,0.09323517978191376,0.11282974481582642
2_attn_out,4,0.1247757151722908,0.08083368837833405,0.04394202679395676,0.10067625343799591,0.0741972103714943,0.08531532436609268
2_attn_out,5,0.19204238057136536,0.16426296532154083,0.027779411524534225,0.0886482372879982,0.0863274410367012,0.08154528588056564
2_attn_out,6,0.26822930574417114,0.26100680232048035,0.007222476880997419,0.10524668544530869,0.10568621754646301,0.09283310920000076
2_attn_out,7,0.13551795482635498,0.14963139593601227,-0.01411343365907669,0.0579913891851902,0.061970632523298264,0.060724519193172455
2_attn_out,8,0.008931753225624561,0.011463410221040249,-0.002531657461076975,0.03739128261804581,0.04895422235131264,0.016045309603214264
2_attn_out,9,0.1887315809726715,0.16506925225257874,0.023662326857447624,0.1068846732378006,0.1025719866156578,0.09472433477640152
2_attn_out,10,0.14934052526950836,0.09471029788255692,0.05463023483753204,0.1199096068739891,0.09724436700344086,0.09947755932807922
2_attn_out,11,0.11585501581430435,0.0765824019908905,0.03927262872457504,0.07899162918329239,0.08168501406908035,0.07270673662424088
2_attn_out,12,0.1032959371805191,0.09459023922681808,0.008705702610313892,0.08452733606100082,0.0797247439622879,0.07321203500032425
2_attn_out,13,0.18083694577217102,0.18005041778087616,0.0007865277584642172,0.08197180926799774,0.08961666375398636,0.08335054665803909
3_attn_out,0,0.016747480258345604,0.010125070810317993,0.006622409448027611,0.02322460152208805,0.03307396173477173,0.03985050320625305
3_attn_out,1,0.06615598499774933,0.01996588706970215,0.04619010165333748,0.0648723617196083,0.07095253467559814,0.0865757167339325
3_attn_out,2,0.06118257716298103,-0.0002558543055783957,0.0614384301006794,0.11192412674427032,0.11603298783302307,0.12473119050264359
3_attn_out,3,0.08790624141693115,0.041021715849637985,0.04688452184200287,0.0879761129617691,0.10045365989208221,0.10159534215927124
3_attn_out,4,0.0996539443731308,0.0758221447467804,0.023831790313124657,0.06675375998020172,0.0646945908665657,0.05994538217782974
3_attn_out,5,0.19994638860225677,0.166107639670372,0.03383874148130417,0.0865916982293129,0.09660212695598602,0.08699104934930801
3_attn_out,6,0.19815583527088165,0.18172354996204376,0.016432292759418488,0.08113133162260056,0.08760451525449753,0.08942604809999466
3_attn_out,7,0.1663447767496109,0.15011730790138245,0.01622748002409935,0.07299769669771194,0.06708241999149323,0.07814030349254608
3_attn_out,8,0.002252299804240465,0.00276238308288157,-0.0005100833368487656,0.014989729970693588,0.019145948812365532,0.01304561085999012
3_attn_out,9,0.08111798763275146,0.05332690104842186,0.027791084721684456,0.08459474891424179,0.09027112275362015,0.10517238825559616
3_attn_out,10,0.0803658664226532,0.04036267101764679,0.04000318795442581,0.09258373081684113,0.088926300406456,0.09842780977487564
3_attn_out,11,0.10338721424341202,0.07116082310676575,0.032226406037807465,0.0728030651807785,0.08200954645872116,0.08778449147939682
3_attn_out,12,0.08452771604061127,0.07408206164836884,0.010445652529597282,0.0746464803814888,0.08475151658058167,0.06270557641983032
3_attn_out,13,0.18702512979507446,0.16504700481891632,0.02197813056409359,0.08072409778833389,0.0861130803823471,0.07246223092079163
4_attn_out,0,0.03580804914236069,0.009329386986792088,0.026478668674826622,0.0333658866584301,0.03760538622736931,0.042488932609558105
4_attn_out,1,0.03508494421839714,0.011183856055140495,0.023901088163256645,0.08748198300600052,0.09116920828819275,0.1010643020272255
4_attn_out,2,0.03861905261874199,0.023904308676719666,0.014714740216732025,0.11174439638853073,0.10286570340394974,0.12342453747987747
4_attn_out,3,0.011571797542273998,0.027175432071089745,-0.01560363732278347,0.09566614776849747,0.09474540501832962,0.10030034929513931
4_attn_out,4,0.03321431949734688,0.03135973587632179,0.001854583970271051,0.0643002986907959,0.06683016568422318,0.06337705999612808
4_attn_out,5,0.1392369270324707,0.11862118542194366,0.020615732297301292,0.07855521142482758,0.0809403583407402,0.0870220810174942
4_attn_out,6,0.1334983855485916,0.1093260645866394,0.024172307923436165,0.0975605696439743,0.1001388281583786,0.10385312139987946
4_attn_out,7,0.10298220813274384,0.11356549710035324,-0.010583286173641682,0.06750456988811493,0.07995670288801193,0.09421109408140182
4_attn_out,8,0.0029739534948021173,0.003583812853321433,-0.000609859183896333,0.01564679853618145,0.01808772422373295,0.009739215485751629
4_attn_out,9,0.05091008171439171,0.055088676512241364,-0.004178592935204506,0.07132269442081451,0.07180199772119522,0.08055102080106735
4_attn_out,10,0.004023622255772352,0.009131415747106075,-0.005107793491333723,0.06986325979232788,0.0704219713807106,0.07637392729520798
4_attn_out,11,0.018145160749554634,0.0226111002266407,-0.004465937614440918,0.06800463050603867,0.07251062244176865,0.07398325204849243
4_attn_out,12,0.03627773001790047,0.024526307359337807,0.011751416139304638,0.06975749135017395,0.07520773261785507,0.08122672885656357
4_attn_out,13,0.10190369933843613,0.08015982806682587,0.021743878722190857,0.0785791426897049,0.07958631217479706,0.0931360274553299
5_attn_out,0,0.03409842029213905,0.00881306454539299,0.02528535947203636,0.04281511530280113,0.0512082539498806,0.05134968459606171
5_attn_out,1,0.046459831297397614,0.033077582716941833,0.01338224858045578,0.07782083749771118,0.1008385717868805,0.08655229955911636
5_attn_out,2,0.06223149970173836,0.035253945738077164,0.02697755955159664,0.08719650655984879,0.11122163385152817,0.11182024329900742
5_attn_out,3,0.10748492926359177,0.0751834437251091,0.03230150043964386,0.11633157730102539,0.10510966181755066,0.11719036102294922
5_attn_out,4,0.12110409140586853,0.08621716499328613,0.0348869226872921,0.11874626576900482,0.09717284888029099,0.08746811002492905
5_attn_out,5,0.3669298589229584,0.3453325927257538,0.021597295999526978,0.16151218116283417,0.16130757331848145,0.13009805977344513
5_attn_out,6,0.30278927087783813,0.27454885840415955,0.028240449726581573,0.20356202125549316,0.1844339370727539,0.11584147810935974
5_attn_out,7,0.10371500253677368,0.09779877960681915,0.005916219670325518,0.06458910554647446,0.0756949782371521,0.061121292412281036
5_attn_out,8,0.01832905225455761,0.013672485016286373,0.004656567703932524,0.07902002334594727,0.06060577929019928,0.038708269596099854
5_attn_out,9,0.1935182809829712,0.08007869124412537,0.11343959718942642,0.1470058709383011,0.17044945061206818,0.1807483732700348
5_attn_out,10,0.16643045842647552,0.05024285987019539,0.11618760228157043,0.2221040427684784,0.19819557666778564,0.19884492456912994
5_attn_out,11,0.05810438469052315,0.025889985263347626,0.03221439570188522,0.1270962804555893,0.1414128541946411,0.15271173417568207
5_attn_out,12,0.1366509348154068,0.10974986851215363,0.026901060715317726,0.17239636182785034,0.14836646616458893,0.16127441823482513
5_attn_out,13,0.9589135646820068,1.1852538585662842,-0.22634035348892212,0.2986689805984497,0.3104134500026703,0.215495303273201
6_attn_out,0,-0.0034935828298330307,0.0008980796555988491,-0.00439166184514761,0.022858260199427605,0.0340646468102932,0.03986574709415436
6_attn_out,1,0.06403039395809174,0.03030836209654808,0.033722031861543655,0.1131865531206131,0.0820324644446373,0.10805816948413849
6_attn_out,2,0.32752251625061035,0.10172518342733383,0.22579732537269592,0.29521751403808594,0.1665419191122055,0.2709674835205078
6_attn_out,3,0.3033237159252167,0.12559618055820465,0.17772750556468964,0.18558965623378754,0.12605085968971252,0.1714591383934021
6_attn_out,4,0.27174562215805054,0.1596870720386505,0.11205856502056122,0.10473508387804031,0.09617484360933304,0.09749764204025269
6_attn_out,5,0.27074286341667175,0.200893834233284,0.06984905898571014,0.10636524856090546,0.09149973094463348,0.10042053461074829
6_attn_out,6,0.20028991997241974,0.20550890266895294,-0.0052189878188073635,0.11007381230592728,0.11894188076257706,0.09038278460502625
6_attn_out,7,0.23806363344192505,0.24439238011837006,-0.006328735500574112,0.09502926468849182,0.10804194957017899,0.10508832335472107
6_attn_out,8,0.015387844294309616,0.01433967798948288,0.0010481675853952765,0.06553985178470612,0.06312216818332672,0.029739946126937866
6_attn_out,9,0.23401692509651184,0.11443672329187393,0.1195802092552185,0.18864546716213226,0.18274585902690887,0.21113501489162445
6_attn_out,10,0.22762545943260193,0.12338418513536453,0.104241281747818,0.22069668769836426,0.17988106608390808,0.20067451894283295
6_attn_out,11,0.22666506469249725,0.20898278057575226,0.017682282254099846,0.1280524581670761,0.1547984480857849,0.13358640670776367
6_attn_out,12,0.1818131059408188,0.16201500594615936,0.019798099994659424,0.14206577837467194,0.14498065412044525,0.1176135241985321
6_attn_out,13,0.5543197393417358,0.6969975829124451,-0.14267782866954803,0.16169698536396027,0.21612055599689484,0.17584320902824402
7_attn_out,0,0.006140473764389753,0.002229152014479041,0.0039113182574510574,0.025594256818294525,0.03622698411345482,0.04273594915866852
7_attn_out,1,-0.003661705879494548,-0.006659350823611021,0.0029976433143019676,0.0885196402668953,0.07204214483499527,0.075579434633255
7_attn_out,2,0.10514262318611145,0.06395602226257324,0.04118658974766731,0.11440753191709518,0.10644011199474335,0.11552620679140091
7_attn_out,3,0.1694449484348297,0.10660871118307114,0.06283622980117798,0.1047326996922493,0.10550989210605621,0.10408779978752136
7_attn_out,4,0.19796502590179443,0.15178488194942474,0.04618014022707939,0.20018188655376434,0.1449359953403473,0.13818761706352234
7_attn_out,5,0.3738294541835785,0.31277525424957275,0.061054207384586334,0.1907249391078949,0.15824438631534576,0.14957696199417114
7_attn_out,6,0.4058050215244293,0.3784545958042145,0.027350379154086113,0.17924240231513977,0.16114778816699982,0.14483219385147095
7_attn_out,7,0.14719125628471375,0.21516357362270355,-0.06797229498624802,0.14217548072338104,0.1472996473312378,0.12259341031312943
7_attn_out,8,0.033320918679237366,0.02563316375017166,0.007687755394726992,0.14736883342266083,0.11164578795433044,0.062094517052173615
7_attn_out,9,0.43205034732818604,0.19512109458446503,0.23692932724952698,0.3711777627468109,0.27638792991638184,0.39111635088920593
7_attn_out,10,0.36255761981010437,0.1364738941192627,0.22608377039432526,0.3098314106464386,0.2518867552280426,0.2798857092857361
7_attn_out,11,0.22561073303222656,0.2465238720178604,-0.020913148298859596,0.22616563737392426,0.18098650872707367,0.1873324066400528
7_attn_out,12,0.3551812171936035,0.3767069876194,-0.021525755524635315,0.25338777899742126,0.24135687947273254,0.17999669909477234
7_attn_out,13,1.1472063064575195,2.2252309322357178,-1.0780245065689087,0.47445082664489746,0.7103153467178345,0.5468161702156067
8_attn_out,0,-0.011851105839014053,-0.026443375274538994,0.014592272229492664,0.02986489236354828,0.03700403869152069,0.0465279258787632
8_attn_out,1,0.027875259518623352,-0.030006956309080124,0.057882215827703476,0.14174656569957733,0.08844038099050522,0.11293501406908035
8_attn_out,2,0.23587900400161743,-0.00029370648553594947,0.23617270588874817,0.25045543909072876,0.13038934767246246,0.25532540678977966
8_attn_out,3,0.24823349714279175,0.060016609728336334,0.188216894865036,0.2058180719614029,0.14199499785900116,0.20172768831253052
8_attn_out,4,0.427304744720459,0.19373250007629395,0.23357222974300385,0.3091110289096832,0.21647869050502777,0.2071686089038849
8_attn_out,5,1.0263689756393433,0.3522612452507019,0.6741077303886414,0.46147850155830383,0.2752220034599304,0.4835728406906128
8_attn_out,6,0.3466520607471466,0.43557724356651306,-0.08892517536878586,0.19886112213134766,0.24596798419952393,0.20292440056800842
8_attn_out,7,0.1575065404176712,0.168716162443161,-0.01120961457490921,0.20073965191841125,0.2018050104379654,0.13617867231369019
8_attn_out,8,0.0063325571827590466,0.011016825214028358,-0.004684268031269312,0.05379375070333481,0.06940288841724396,0.043433696031570435
8_attn_out,9,0.21176853775978088,0.1283014565706253,0.08346705883741379,0.18890683352947235,0.1821811944246292,0.16308844089508057
8_attn_out,10,0.16932088136672974,0.10228477418422699,0.06703612208366394,0.220314159989357,0.2223101407289505,0.1383400410413742
8_attn_out,11,0.228391632437706,0.2635471522808075,-0.03515554592013359,0.20382201671600342,0.191605344414711,0.1503308266401291
8_attn_out,12,0.08404885232448578,0.11829052120447159,-0.034241680055856705,0.22202007472515106,0.20768047869205475,0.16607946157455444
8_attn_out,13,0.5149286389350891,0.5544562339782715,-0.03952757269144058,0.500275194644928,0.6063017249107361,0.3415695130825043
9_attn_out,0,0.03606480360031128,0.031754232943058014,0.004310568328946829,0.04198230803012848,0.05505048483610153,0.06848509609699249
9_attn_out,1,0.1593662053346634,-0.004197335336357355,0.163563534617424,0.27764925360679626,0.12390653789043427,0.2578003406524658
9_attn_out,2,0.5351837873458862,0.05527234077453613,0.4799114465713501,0.8901842832565308,0.2819681465625763,0.8783895969390869
9_attn_out,3,0.5585328936576843,0.0965203270316124,0.4620125889778137,0.681677520275116,0.24067151546478271,0.6245054602622986
9_attn_out,4,1.0936689376831055,0.1739814579486847,0.9196875691413879,0.6570152044296265,0.2845833897590637,0.6704610586166382
9_attn_out,5,1.901993751525879,0.38148805499076843,1.520505666732788,0.8705711960792542,0.42999517917633057,0.9250234961509705
9_attn_out,6,0.5843345522880554,0.80940181016922,-0.22506722807884216,0.3129987418651581,0.3592352569103241,0.3507438600063324
9_attn_out,7,1.078062653541565,1.2773979902267456,-0.1993354856967926,0.5153346061706543,0.6355577707290649,0.6883382797241211
9_attn_out,8,0.06336787343025208,0.07501345872879028,-0.011645586229860783,0.2691919803619385,0.321882426738739,0.14670374989509583
9_attn_out,9,0.8658403754234314,0.5021699666976929,0.3636704087257385,0.5428311228752136,0.42879152297973633,0.5557645559310913
9_attn_out,10,0.6092600226402283,0.3539561629295349,0.25530388951301575,0.4965985417366028,0.37661105394363403,0.46409872174263
9_attn_out,11,0.6687783598899841,0.6570025682449341,0.011775830760598183,0.36425071954727173,0.3341904878616333,0.4153406322002411
9_attn_out,12,0.7621352672576904,0.8791263103485107,-0.11699111014604568,0.5060775279998779,0.5608763098716736,0.5658712983131409
9_attn_out,13,1.2956236600875854,3.2622580528259277,-1.9666346311569214,0.6143627166748047,0.9141253232955933,1.136976957321167
10_attn_out,0,0.022306226193904877,0.01086849719285965,0.011437727138400078,0.04245567321777344,0.041337598115205765,0.05113127455115318
10_attn_out,1,0.11034239083528519,0.027058981359004974,0.08328340947628021,0.2117539644241333,0.08585329353809357,0.19925850629806519
10_attn_out,2,0.19049391150474548,0.04493744298815727,0.1455564647912979,0.22055181860923767,0.10897193849086761,0.19451580941677094
10_attn_out,3,0.4300241470336914,0.06061166152358055,0.36941248178482056,0.3629835546016693,0.2002197951078415,0.3519676625728607
10_attn_out,4,0.5908876061439514,0.15401679277420044,0.43687084317207336,0.38468122482299805,0.24318458139896393,0.35326701402664185
10_attn_out,5,1.1911938190460205,0.2969840466976166,0.894209623336792,0.6444555521011353,0.36162832379341125,0.6979530453681946
10_attn_out,6,0.7291883230209351,0.6401626467704773,0.08902568370103836,0.36153748631477356,0.397216260433197,0.35890111327171326
10_attn_out,7,1.1670680046081543,0.8627625703811646,0.3043054938316345,0.5144222378730774,0.49141255021095276,0.6886776685714722
10_attn_out,8,0.08175810426473618,0.09684082865715027,-0.015082716941833496,0.3474055230617523,0.4051523208618164,0.14879447221755981
10_attn_out,9,1.0984928607940674,0.2919226288795471,0.8065701723098755,0.6673458814620972,0.4607256352901459,0.7664153575897217
10_attn_out,10,1.0047094821929932,0.24160073697566986,0.7631087899208069,0.6698359251022339,0.4552260935306549,0.7738350033760071
10_attn_out,11,0.8816877603530884,0.7464962601661682,0.135191410779953,0.3807338774204254,0.5016945600509644,0.38892069458961487
10_attn_out,12,1.1006659269332886,1.4140267372131348,-0.3133607804775238,0.535646915435791,0.7731102108955383,0.5762048959732056
10_attn_out,13,1.4881465435028076,2.551602363586426,-1.0634560585021973,0.6977388858795166,1.0110456943511963,1.0680334568023682
11_attn_out,0,-0.5164705514907837,-0.2254641354084015,-0.2910063564777374,0.35208815336227417,0.4120495021343231,0.4850778579711914
11_attn_out,1,0.02619350142776966,-0.03069158084690571,0.05688508599996567,0.28493237495422363,0.21039876341819763,0.19854514300823212
11_attn_out,2,0.1279231756925583,0.02167079783976078,0.10625237971544266,0.28945082426071167,0.18848226964473724,0.2385580986738205
11_attn_out,3,0.5692320466041565,0.12815774977207184,0.44107434153556824,0.4184189438819885,0.2908482551574707,0.36309030652046204
11_attn_out,4,0.8522574305534363,0.22867432236671448,0.6235830783843994,0.37656769156455994,0.28871259093284607,0.3939686715602875
11_attn_out,5,1.0123482942581177,0.3607022762298584,0.6516460180282593,0.4415495693683624,0.38836461305618286,0.4001697599887848
11_attn_out,6,1.3022167682647705,0.6519913673400879,0.6502254009246826,0.5088604092597961,0.4414878785610199,0.509172260761261
11_attn_out,7,1.5774141550064087,1.3688300848007202,0.2085840404033661,0.4745346009731293,0.4732426404953003,0.5713723301887512
11_attn_out,8,0.10480678081512451,0.12172470986843109,-0.01691792905330658,0.4492320120334625,0.5071989297866821,0.20167966187000275
11_attn_out,9,0.8988358378410339,0.5918006896972656,0.3070351481437683,0.5479791760444641,0.5500494241714478,0.38507673144340515
11_attn_out,10,0.7792511582374573,0.5388252139091492,0.24042600393295288,0.4069518446922302,0.4231281280517578,0.35120531916618347
11_attn_out,11,1.2071828842163086,0.975318968296051,0.23186388611793518,0.43619900941848755,0.4405728280544281,0.38536903262138367
11_attn_out,12,1.2093539237976074,1.4058971405029297,-0.19654326140880585,0.5168889760971069,0.6401064991950989,0.5523033738136292
11_attn_out,13,0.9594525694847107,0.6337522268295288,0.3257003724575043,0.5096299052238464,0.6354972124099731,0.5660360455513
all_heads,12,0.027621598914265633,0.032329246401786804,0.0,0.12112077325582504,0.1362985074520111,0.0
all_heads_L10,12,0.09557274729013443,0.12113725394010544,0.0,0.18716077506542206,0.24824048578739166,0.0
all_heads_L11,12,0.09618761390447617,0.11000579595565796,0.0,0.16920360922813416,0.21435949206352234,0.0
all_heads_L7,12,0.026794981211423874,0.027722889557480812,0.0,0.10066184401512146,0.09050546586513519,0.0
all_heads_L9,12,0.0587792731821537,0.06914276629686356,0.0,0.19934289157390594,0.19480375945568085,0.0
